-0.1	-0.1
-0.109772	-0.0954469
-0.119028	-0.089661
-0.127642	-0.0826284
-0.135491	-0.0743477
-0.14245	-0.0648307
-0.148397	-0.0541025
-0.153212	-0.0422023
-0.156781	-0.0291831
-0.158996	-0.015112
-0.159755	-6.95518e-05
-0.158966	0.0158502
-0.156546	0.0325405
-0.152425	0.0498822
-0.146544	0.0677443
-0.138857	0.0859846
-0.129336	0.10445
-0.117964	0.122977
-0.104746	0.141392
-0.0897007	0.159513
-0.0728678	0.177145
-0.0543062	0.194088
-0.0340953	0.21013
-0.0123361	0.225053
0.0108482	0.238633
0.0353117	0.250637
0.0608852	0.260833
0.0873761	0.268986
0.114569	0.274865
0.142224	0.278247
0.170083	0.278922
0.197864	0.276699
0.225269	0.27141
0.251986	0.262921
0.277688	0.251131
0.302044	0.235983
0.324716	0.217466
0.345371	0.195616
0.363677	0.170516
0.379318	0.142298
0.391989	0.111135
0.401408	0.0772405
0.407313	0.040857
0.409469	0.00225267
0.407667	-0.0382876
0.401729	-0.0804681
0.391506	-0.123988
0.37688	-0.168544
0.357761	-0.213832
0.334092	-0.259546
0.305846	-0.305371
0.273029	-0.350979
0.235679	-0.396017
0.193873	-0.440096
0.14773	-0.482778
0.0974128	-0.523558
0.043142	-0.561856
-0.014801	-0.597004
-0.0760633	-0.628241
-0.140211	-0.654715
-0.206722	-0.6755
-0.274978	-0.689624
-0.344265	-0.696107
-0.413771	-0.69403
-0.482603	-0.682596
-0.549793	-0.661215
-0.614332	-0.629568
-0.675134	-0.586465
-0.731118	-0.533216
-0.781308	-0.470591
-0.824822	-0.399674
-0.860895	-0.321783
-0.888902	-0.238361
-0.908363	-0.150862
-0.919064	-0.0631565
-0.920922	0.0260014
-0.913836	0.115704
-0.897652	0.207982
-0.872265	0.299759
-0.837736	0.390824
-0.794137	0.481163
-0.741533	0.570905
-0.679975	0.660258
-0.609491	0.749431
-0.530092	0.838548
-0.441787	0.927547
-0.344607	1.01605
-0.238644	1.10321
-0.124104	1.18758
-0.00138135	1.26688
0.12886	1.33794
0.265588	1.39661
0.407312	1.43788
0.55202	1.45628
0.697161	1.44654
0.839712	1.40447
0.976337	1.32803
1.10364	1.21801
1.21846	1.07836
1.31816	0.915704
1.40086	0.738294
1.46551	0.554686
1.51187	0.37248
1.54037	0.197498
1.55192	0.0334659
1.5477	-0.11787
1.52898	-0.256361
1.49702	-0.382999
1.45289	-0.499482
1.39752	-0.607874
1.33161	-0.710375
1.25563	-0.809167
1.16986	-0.90633
1.07435	-1.00378
0.969004	-1.10323
0.853536	-1.20611
0.727559	-1.31344
0.590605	-1.42565
0.442209	-1.54227
0.28202	-1.6615
0.109962	-1.77966
-0.0735509	-1.89059
-0.267343	-1.98524
-0.469192	-2.05174
-0.6756	-2.07642
-0.881729	-2.04617
-1.08163	-1.95183
-1.26881	-1.79171
-1.43707	-1.5735
-1.58141	-1.31331
-1.69867	-1.03195
-1.78777	-0.750008
-1.84946	-0.483771
-1.88581	-0.243379
-1.89963	-0.0330162
-1.8939	0.147641
-1.87144	0.301672
-1.83468	0.433447
-1.78563	0.547635
-1.72581	0.648657
-1.65636	0.740447
-1.57801	0.826409
-1.49122	0.909458
-1.39614	0.992106
-1.29271	1.07654
-1.18065	1.16469
-1.0595	1.25822
-0.928667	1.35852
-0.787412	1.46656
-0.634952	1.58264
-0.47052	1.70601
-0.293505	1.83427
-0.103662	1.9626
0.0986155	2.08294
0.311934	2.18343
0.533535	2.24859
0.759017	2.26106
0.982329	2.20519
1.19619	2.07194
1.39295	1.86329
1.56579	1.59355
1.70978	1.28631
1.82251	0.968206
1.90404	0.662445
1.9564	0.384784
1.98278	0.142798
1.98679	-0.0625501
1.97194	-0.234493
1.9413	-0.378288
1.8974	-0.499712
1.84221	-0.604224
1.77716	-0.696609
1.70329	-0.780905
1.62122	-0.860478
1.53129	-0.938144
1.43357	-1.01629
1.3279	-1.097
1.21395	-1.18209
1.09118	-1.27319
0.958942	-1.37163
0.81644	-1.47841
0.662826	-1.59388
0.497263	-1.71738
0.319061	-1.84666
0.127876	-1.97704
-0.0760059	-2.10059
-0.291307	-2.20543
-0.515371	-2.27583
-0.743854	-2.29384
-0.97069	-2.24287
-1.18847	-2.1128
-1.38935	-1.90476
-1.56623	-1.6328
-1.71392	-1.32099
-1.82982	-0.996954
-1.91391	-0.684986
-1.96825	-0.401696
-1.99609	-0.155128
-2.00116	0.0536291
-1.98709	0.227904
-1.95703	0.373144
-1.91361	0.495329
-1.85884	0.600095
-1.79422	0.692362
-1.72078	0.776266
-1.63921	0.855235
-1.54984	0.932124
-1.45277	1.00935
-1.34785	1.08899
-1.23476	1.1729
-1.11298	1.26271
-0.981851	1.35978
-0.840603	1.46518
-0.688376	1.57936
-0.524315	1.70186
-0.347688	1.83068
-0.158077	1.96155
0.0443539	2.08706
0.258501	2.19588
0.481931	2.27272
0.71055	2.29968
0.938514	2.25959
1.15854	2.14098
1.36275	1.94313
1.54382	1.67834
1.69622	1.36971
1.81696	1.04494
1.90567	0.729263
1.96416	0.4406
1.9956	0.188174
2.0037	-0.0261046
1.99214	-0.205121
1.96418	-0.354173
1.9225	-0.479264
1.86923	-0.586132
1.80594	-0.679825
1.73371	-0.764596
1.65329	-0.843974
1.56504	-0.920887
1.46911	-0.997808
1.36537	-1.07686
1.25354	-1.15993
1.13311	-1.24866
1.00345	-1.34449
0.863798	-1.44852
0.713306	-1.56132
0.55111	-1.6826
0.376447	-1.81066
0.188831	-1.94165
-0.0116861	-2.06869
-0.224174	-2.18108
-0.446434	-2.26411
-0.674645	-2.30012
-0.903226	-2.27149
-1.12508	-2.1655
-1.33233	-1.97949
-1.51749	-1.72376
-1.67468	-1.42006
-1.80048	-1.09589
-1.89414	-0.777289
-1.95718	-0.483501
-1.9926	-0.225073
-2.0041	-0.0049008
-1.99538	0.179328
-1.96978	0.33267
-1.93009	0.461106
-1.87851	0.570458
-1.8167	0.665895
-1.74581	0.751796
-1.66663	0.831793
-1.5796	0.908902
-1.48487	0.985657
-1.38238	1.06423
-1.27184	1.14654
-1.1528	1.23427
-1.02464	1.32889
-0.886616	1.43156
-0.73789	1.54297
-0.577593	1.66298
-0.404935	1.79016
-0.219374	1.92106
-0.020854	2.04934
0.189859	2.16493
0.410792	2.25373
0.638398	2.29839
0.867369	2.28102
1.09081	2.18774
1.30089	2.01401
1.49	1.76808
1.65191	1.47017
1.78279	1.14737
1.88148	0.826379
1.94918	0.527736
1.98874	0.26335
2.00376	0.0371818
1.998	-0.152435
1.97486	-0.310267
1.93724	-0.442237
1.88742	-0.554238
1.82713	-0.65156
1.75761	-0.738705
1.67971	-0.819419
1.5939	-0.896803
1.50038	-0.973458
1.39913	-1.05161
1.28989	-1.13321
1.17223	-1.21997
1.04556	-1.31341
0.909151	-1.41475
0.762175	-1.52476
0.603764	-1.64347
0.433107	-1.76969
0.249606	-1.90033
0.0531094	-2.02959
-0.155771	-2.14803
-0.375281	-2.24216
-0.60214	-2.29503
-0.83132	-2.28856
-1.05614	-2.20789
-1.26887	-2.04669
-1.46176	-1.81109
-1.6283	-1.5197
-1.76423	-1.19896
-1.86799	-0.876106
-1.94044	-0.572906
-1.98421	-0.302654
-2.00287	-0.0704369
-2.00016	0.124699
-1.97956	0.287177
-1.94406	0.422835
-1.89604	0.537624
-1.83731	0.636948
-1.76919	0.725435
-1.69257	0.806944
-1.60799	0.88467
-1.51569	0.961284
-1.41568	1.03906
-1.30772	1.12
-1.19143	1.20584
-1.06623	1.29813
-0.931419	1.39815
-0.786173	1.50676
-0.629628	1.62413
-0.460956	1.74931
-0.279512	1.87957
-0.0850553	2.00957
0.121949	2.13051
0.339951	2.22955
0.565937	2.29017
0.795156	2.29422
1.02117	2.22599
1.23634	2.07747
1.43285	1.8527
1.60391	1.56849
1.74486	1.25052
1.8537	0.926352
1.93096	0.618927
1.97906	0.342931
2.00144	0.104635
2.00186	-0.096135
1.98388	-0.263409
1.95057	-0.402908
1.90439	-0.52062
1.84726	-0.622062
1.78056	-0.711988
1.70524	-0.794373
1.62189	-0.872508
1.53081	-0.949138
1.43202	-1.02659
1.32535	-1.1069
1.21041	-1.19186
1.08667	-1.28304
0.953425	-1.38177
0.809887	-1.48899
0.655188	-1.605
0.488485	-1.72907
0.309092	-1.8588
0.116685	-1.98933
-0.0884036	-2.11245
-0.304825	-2.21597
-0.529817	-2.28388
-0.758914	-2.29805
-0.98592	-2.24206
-1.20334	-2.10631
-1.40329	-1.89279
-1.57875	-1.61643
-1.72467	-1.30193
-1.83862	-0.977035
-1.92076	-0.665753
-1.97326	-0.384167
-1.99945	-0.139781
-2.00311	0.0667284
-1.98782	0.238945
-1.95675	0.382435
-1.91247	0.50321
-1.85697	0.606889
-1.7917	0.698354
-1.7177	0.781697
-1.6356	0.860309
-1.54574	0.937012
-1.44817	1.0142
-1.34277	1.09393
-1.22917	1.17804
-1.10686	1.26814
-0.975174	1.3656
-0.833322	1.47143
-0.680447	1.58607
-0.515695	1.70897
-0.338344	1.83806
-0.147996	1.96891
0.0551453	2.09391
0.269917	2.20151
0.493804	2.27624
0.722622	2.30011
0.950433	2.2561
1.1699	2.13318
1.37312	1.93129
1.55286	1.66342
1.70368	1.35309
1.82274	1.02808
1.90981	0.713342
1.96679	0.426348
1.99691	0.175885
2.00388	-0.0364591
1.99137	-0.21376
1.96261	-0.361394
1.92027	-0.485373
1.86643	-0.591412
1.80263	-0.684517
1.72996	-0.768903
1.64912	-0.848063
1.56047	-0.9249
1.46413	-1.00186
1.35998	-1.08107
1.24771	-1.16437
1.12682	-1.25342
0.996668	-1.34964
0.856481	-1.4541
0.705409	-1.56735
0.542589	-1.68903
0.367269	-1.81736
0.178984	-1.94835
-0.022181	-2.07494
-0.23524	-2.18624
-0.457918	-2.26733
-0.686308	-2.30046
-0.914738	-2.26815
-1.13605	-2.15805
-1.34236	-1.96812
-1.52623	-1.70933
-1.68189	-1.40389
-1.80605	-1.07939
-1.8981	-0.761643
-1.95966	-0.469459
-1.99378	-0.212952
-2.00416	0.00530785
-1.99451	0.187832
-1.96813	0.339761
-1.92778	0.467089
-1.87565	0.575613
-1.81334	0.670464
-1.74202	0.75598
-1.66244	0.83576
-1.57501	0.912791
-1.47989	0.989586
-1.37699	1.0683
-1.26604	1.15085
-1.14655	1.23889
-1.01791	1.33389
-0.879367	1.43699
-0.730076	1.54884
-0.56917	1.66927
-0.395869	1.79675
-0.209647	1.92769
-0.0104828	2.0556
0.200808	2.17021
0.422179	2.25722
0.649998	2.29916
0.878867	2.27822
1.10182	2.18088
1.31103	2.00319
1.49889	1.75406
1.6593	1.45421
1.78856	1.13089
1.88563	0.810604
1.95184	0.513479
1.99006	0.250988
2.00395	0.0267435
1.99723	-0.161135
1.97329	-0.317513
1.935	-0.448335
1.88461	-0.559473
1.82383	-0.656178
1.75387	-0.742914
1.67556	-0.823389
1.58936	-0.900677
1.49545	-0.977357
1.3938	-1.05564
1.28415	-1.13746
1.16605	-1.22453
1.03891	-1.31834
0.901985	-1.4201
0.754452	-1.53055
0.59544	-1.64968
0.424145	-1.77622
0.239985	-1.90697
0.0428405	-2.03593
-0.166631	-2.1535
-0.386605	-2.24598
-0.613717	-2.29628
-0.842849	-2.28636
-1.06725	-2.20168
-1.27916	-2.03646
-1.47086	-1.7975
-1.63593	-1.50395
-1.77025	-1.18248
-1.87238	-0.860162
-1.94331	-0.558383
-1.98573	-0.289993
-2.00321	-0.0597113
-1.99952	0.133648
-1.9781	0.294626
-1.94192	0.42909
-1.89331	0.542973
-1.83408	0.641645
-1.76552	0.729693
-1.68849	0.810939
-1.60351	0.888548
-1.51083	0.965169
-1.41041	1.04306
-1.30205	1.1242
-1.18532	1.21034
-1.05966	1.30299
-0.924336	1.40343
-0.77854	1.51249
-0.621402	1.63029
-0.452097	1.75581
-0.269997	1.8862
-0.0748871	2.01599
0.132721	2.13617
0.351213	2.23368
0.577491	2.29188
0.806716	2.29262
1.03237	2.22043
1.24678	2.06785
1.44215	1.83957
1.61178	1.55299
1.75113	1.23406
1.85835	0.910254
1.93407	0.604139
1.98077	0.329963
2.00195	0.0936104
2.00137	-0.105348
1.98255	-0.271074
1.94852	-0.40933
1.90175	-0.526094
1.84411	-0.626846
1.77695	-0.716303
1.70121	-0.798399
1.61747	-0.876396
1.526	-0.953014
1.42682	-1.03057
1.31974	-1.11107
1.20437	-1.19631
1.08017	-1.28784
0.946425	-1.38698
0.802345	-1.49464
0.647058	-1.61109
0.479728	-1.73552
0.299681	-1.86543
0.106619	-1.99581
-0.0990857	-2.11827
-0.31602	-2.22041
-0.541342	-2.28604
-0.770495	-2.29702
-0.997204	-2.23715
-1.21393	-2.09732
-1.4128	-1.88015
-1.58687	-1.60122
-1.73121	-1.28553
-1.84352	-0.960806
-1.9241	-0.650714
-1.97518	-0.370894
-2.00015	-0.128453
-2.00276	0.0762125
-1.98661	0.246835
-1.95481	0.389033
-1.90992	0.508816
-1.85389	0.611767
-1.78817	0.702729
-1.71374	0.785758
-1.63124	0.86421
-1.54099	0.940883
-1.44304	1.01815
-1.33723	1.09806
-1.2232	1.18244
-1.10044	1.27288
-0.968256	1.37074
-0.825868	1.47701
-0.672413	1.59209
-0.50704	1.71537
-0.329037	1.84468
-0.138031	1.97545
0.065735	2.09988
0.28104	2.20622
0.505293	2.27882
0.734216	2.29964
0.96179	2.25183
1.18062	2.12482
1.38282	1.91917
1.56121	1.64852
1.71047	1.33678
1.8279	1.01174
1.91339	0.698064
1.96893	0.412775
1.99778	0.16425
2.00368	-0.0462208
1.99028	-0.221883
1.96078	-0.368177
1.91781	-0.491117
1.86344	-0.596389
1.79917	-0.688959
1.72607	-0.773003
1.64482	-0.85198
1.55578	-0.928767
1.45906	-1.00579
1.35451	-1.08516
1.24181	-1.16872
1.12047	-1.2581
0.989831	-1.35471
0.849115	-1.45961
0.697469	-1.5733
0.534035	-1.69538
0.358067	-1.82396
0.169123	-1.95493
-0.0326761	-2.08104
-0.246288	-2.1912
-0.469364	-2.27031
-0.697906	-2.30053
-0.926158	-2.26451
-1.1469	-2.15032
-1.35224	-1.95654
-1.53481	-1.69479
-1.68893	-1.38771
-1.81147	-1.06298
-1.90193	-0.746143
-1.96201	-0.455591
-1.99484	-0.20101
-2.00413	0.0153533
-1.99355	0.196194
-1.9664	0.346736
-1.92542	0.472978
-1.87273	0.580695
-1.80995	0.674976
-1.73819	0.760122
-1.6582	0.839696
-1.57038	0.916658
-1.47488	0.993501
-1.37158	1.07237
-1.26021	1.15515
-1.14027	1.24351
-1.01115	1.3389
-0.872088	1.44243
-0.72223	1.55473
-0.560715	1.67556
-0.386771	1.80332
-0.19989	1.9343
-8.43626e-05	2.06181
0.211777	2.17541
0.433576	2.26057
0.661592	2.29975
0.89034	2.27522
1.11279	2.17381
1.32109	1.99219
1.5077	1.73991
1.6666	1.4382
1.79423	1.11443
1.8897	0.7949
1.95441	0.499323
1.99131	0.238736
2.00407	0.0164088
1.9964	-0.169746
1.97168	-0.324687
1.93273	-0.454377
1.88178	-0.564665
1.8205	-0.660767
1.75011	-0.747103
1.67139	-0.827348
1.58479	-0.904547
1.4905	-0.981258
1.38846	-1.05967
1.27839	-1.14172
1.15985	-1.22909
1.03223	-1.32328
0.894791	-1.42547
0.746698	-1.53637
0.587084	-1.65592
0.41515	-1.78276
0.230332	-1.91359
0.0325404	-2.04225
-0.177517	-2.15891
-0.397947	-2.24968
-0.625299	-2.29737
-0.854366	-2.28397
-1.07833	-2.19526
-1.28939	-2.02604
-1.47988	-1.78377
-1.64348	-1.48814
-1.77619	-1.166
-1.8767	-0.844274
-1.94611	-0.543948
-1.98718	-0.277431
-2.0035	-0.0490822
-1.99883	0.142514
-1.97661	0.302006
-1.93974	0.435291
-1.89056	0.548283
-1.83083	0.646314
-1.76182	0.733933
-1.68438	0.814924
-1.59901	0.892424
-1.50594	0.969058
-1.40513	1.04707
-1.29636	1.12842
-1.17919	1.21485
-1.05306	1.30787
-0.917227	1.40873
-0.770878	1.51823
-0.613144	1.63646
-0.443205	1.76231
-0.260448	1.89283
-0.0646869	2.02239
0.143521	2.14176
0.362495	2.23772
0.589053	2.29344
0.818266	2.29082
1.04354	2.21467
1.25718	2.05803
1.45139	1.82629
1.61958	1.53742
1.75733	1.2176
1.86292	0.894203
1.9371	0.589436
1.98243	0.317094
2.00241	0.0826824
2.00082	-0.114476
1.98117	-0.278669
1.94645	-0.415698
1.89909	-0.531527
1.84093	-0.631602
1.77332	-0.720598
1.69717	-0.802414
1.61304	-0.88028
1.52118	-0.956893
1.42161	-1.03455
1.31412	-1.11525
1.19831	-1.20077
1.07364	-1.29266
0.939399	-1.39221
0.794773	-1.50031
0.638898	-1.6172
0.470939	-1.74198
0.290236	-1.87206
0.0965194	-2.00228
-0.109797	-2.12405
-0.327237	-2.22475
-0.552877	-2.28805
-0.78207	-2.29581
-1.00846	-2.23203
-1.22447	-2.08812
-1.42224	-1.86736
-1.59491	-1.58591
-1.73766	-1.26911
-1.84834	-0.944616
-1.92736	-0.635753
-1.97704	-0.357719
-2.00078	-0.117223
-2.00236	0.0856093
-1.98535	0.254652
-1.95284	0.395575
-1.90734	0.514378
-1.85079	0.616614
-1.78461	0.707085
-1.70976	0.789806
-1.62687	0.868106
-1.53622	0.944755
-1.43788	1.02211
-1.33167	1.1022
-1.21721	1.18685
-1.09399	1.27764
-0.961312	1.3759
-0.818386	1.48262
-0.664348	1.59814
-0.498352	1.72179
-0.319698	1.8513
-0.128034	1.98197
0.0763545	2.10581
0.292187	2.21085
0.516793	2.28127
0.745807	2.299
0.973125	2.24736
1.19131	2.11625
1.39246	1.90689
1.56948	1.63352
1.71718	1.32045
1.83298	0.995439
1.91689	0.682861
1.971	0.399298
1.9986	0.152714
2.00344	-0.0558932
1.98915	-0.22993
1.95891	-0.3749
1.91532	-0.496816
1.86041	-0.601334
1.79568	-0.693379
1.72216	-0.777089
1.64051	-0.855891
1.55108	-0.932635
1.45396	-1.00973
1.34901	-1.08927
1.23589	-1.17308
1.1141	-1.2628
0.982968	-1.35981
0.841721	-1.46514
0.6895	-1.57928
0.525448	-1.70175
0.348832	-1.83057
0.159228	-1.9615
-0.0432016	-2.0871
-0.257361	-2.19609
-0.480824	-2.27316
-0.709503	-2.30043
-0.937559	-2.26068
-1.15771	-2.1424
-1.36207	-1.94479
-1.54332	-1.68013
-1.6959	-1.37149
-1.8168	-1.04659
-1.90567	-0.730713
-1.9643	-0.441817
-1.99584	-0.189165
-2.00404	0.0253074
-1.99255	0.20448
-1.96464	0.353648
-1.92302	0.47882
-1.86979	0.585742
-1.80653	0.679466
-1.73434	0.76425
-1.65395	0.843625
-1.56574	0.920525
-1.46985	0.997421
-1.36615	1.07644
-1.25436	1.15947
-1.13398	1.24815
-1.00437	1.34393
-0.864781	1.44789
-0.714354	1.56064
-0.552229	1.68187
-0.37764	1.80991
-0.1901	1.9409
0.0103451	2.06799
0.222771	2.18053
0.444988	2.26381
0.673188	2.30018
0.901797	2.27201
1.12372	2.16653
1.3311	1.981
1.51643	1.72563
1.67382	1.42213
1.79983	1.09798
1.89369	0.779259
1.95691	0.485259
1.99251	0.226582
2.00414	0.00616703
1.99554	-0.178276
1.97003	-0.331796
1.93043	-0.460369
1.87892	-0.569822
1.81716	-0.66533
1.74633	-0.751277
1.6672	-0.831299
1.58021	-0.908415
1.48553	-0.985162
1.38309	-1.06372
1.2726	-1.14599
1.15362	-1.23368
1.02552	-1.32825
0.887569	-1.43086
0.738916	-1.54221
0.578697	-1.66217
0.406122	-1.78932
0.220646	-1.92021
0.0222087	-2.04853
-0.18843	-2.16425
-0.409307	-2.25328
-0.636886	-2.2983
-0.86587	-2.28138
-1.08937	-2.18863
-1.29957	-2.01542
-1.48884	-1.76991
-1.65095	-1.47226
-1.78204	-1.14952
-1.88094	-0.828443
-1.94884	-0.529601
-1.98857	-0.264968
-2.00374	-0.0385477
-1.9981	0.151297
-1.97507	0.30932
-1.93754	0.44144
-1.88779	0.553554
-1.82756	0.650957
-1.7581	0.738156
-1.68025	0.818901
-1.59449	0.896297
-1.50103	0.97295
-1.39983	1.05109
-1.29064	1.13265
-1.17304	1.21938
-1.04643	1.31277
-0.91009	1.41405
-0.763187	1.524
-0.604855	1.64265
-0.434281	1.76883
-0.250866	1.89947
-0.0544545	2.02876
0.154349	2.1473
0.373796	2.24165
0.600622	2.29486
0.829807	2.28884
1.05468	2.20869
1.26752	2.04802
1.46056	1.81287
1.62729	1.52176
1.76344	1.20112
1.8674	0.878202
1.94006	0.574817
1.98401	0.304322
2.00282	0.0718504
2.00024	-0.123519
1.97975	-0.286195
1.94434	-0.422011
1.89639	-0.53692
1.83773	-0.63633
1.76967	-0.724875
1.69311	-0.806419
1.60858	-0.884161
1.51633	-0.960775
1.41637	-1.03854
1.30847	-1.11944
1.19223	-1.20525
1.06709	-1.2975
0.932347	-1.39746
0.787173	-1.50601
0.630706	-1.62333
0.462117	-1.74846
0.280759	-1.8787
0.0863877	-2.00872
-0.120537	-2.12976
-0.338475	-2.229
-0.564421	-2.28993
-0.793638	-2.29442
-1.01969	-2.22671
-1.23497	-2.07872
-1.43162	-1.85441
-1.60287	-1.57052
-1.74403	-1.25267
-1.85308	-0.928468
-1.93055	-0.620874
-1.97883	-0.344641
-2.00136	-0.106089
-2.00192	0.0949194
-1.98406	0.262398
-1.95083	0.40206
-1.90474	0.519899
-1.84767	0.621432
-1.78103	0.711421
-1.70576	0.793844
-1.62247	0.871998
-1.53144	0.948629
-1.43271	1.02607
-1.32608	1.10636
-1.2112	1.19128
-1.08752	1.28241
-0.954342	1.38109
-0.810876	1.48825
-0.656253	1.6042
-0.489632	1.72822
-0.310324	1.85793
-0.118004	1.98847
0.0870035	2.11168
0.303357	2.21539
0.528305	2.28358
0.757393	2.29817
0.984436	2.24269
1.20194	2.10748
1.40204	1.89444
1.57768	1.61842
1.72381	1.30408
1.83797	0.979168
1.92032	0.667733
1.973	0.385916
1.99936	0.141276
2.00315	-0.0654769
1.98798	-0.237903
1.95701	-0.381564
1.9128	-0.502471
1.85737	-0.606247
1.79217	-0.697778
1.71822	-0.781163
1.63617	-0.859797
1.54636	-0.936504
1.44885	-1.01368
1.34349	-1.09339
1.22995	-1.17746
1.1077	-1.26752
0.97608	-1.36493
0.834299	-1.4707
0.6815	-1.58528
0.516829	-1.70813
0.339563	-1.83719
0.149301	-1.96805
-0.0537574	-2.09312
-0.268458	-2.20089
-0.492297	-2.27589
-0.7211	-2.30016
-0.94894	-2.25665
-1.16849	-2.13427
-1.37184	-1.93287
-1.55175	-1.66536
-1.70278	-1.35523
-1.82206	-1.03022
-1.90933	-0.715353
-1.96651	-0.428137
-1.99679	-0.17742
-2.0039	0.035171
-1.99151	0.212688
-1.96285	0.360499
-1.92059	0.484616
-1.86682	0.590756
-1.80309	0.683933
-1.73047	0.768364
-1.64968	0.847549
-1.56108	0.924392
-1.46479	1.00135
-1.3607	1.08053
-1.24848	1.1638
-1.12765	1.25281
-0.997564	1.34898
-0.857446	1.45338
-0.706449	1.56657
-0.54371	1.6882
-0.368475	1.8165
-0.180276	1.94749
0.0208055	2.07414
0.233791	2.18558
0.456417	2.26693
0.684785	2.30044
0.913238	2.26861
1.13462	2.15904
1.34105	1.96962
1.5251	1.71123
1.68096	1.40601
1.80534	1.08155
1.8976	0.763683
1.95935	0.471286
1.99364	0.214528
2.00416	-0.00398228
1.99463	-0.186728
1.96835	-0.338841
1.92809	-0.466312
1.87603	-0.574943
1.81379	-0.66987
1.74252	-0.755435
1.66299	-0.835243
1.57561	-0.912283
1.48055	-0.989072
1.3777	-1.06777
1.2668	-1.15028
1.14737	-1.23828
1.0188	-1.33323
0.880321	-1.43628
0.731103	-1.54807
0.570278	-1.66844
0.397061	-1.79588
0.210926	-1.92683
0.0118456	-2.05478
-0.19937	-2.16952
-0.420684	-2.25677
-0.648476	-2.29907
-0.87736	-2.2786
-1.10038	-2.1818
-1.3097	-2.00463
-1.49773	-1.7559
-1.65834	-1.45631
-1.78781	-1.13305
-1.88509	-0.81267
-1.95149	-0.515344
-1.98989	-0.252604
-2.00393	-0.0281072
-1.99733	0.159999
-1.9735	0.316567
-1.9353	0.447538
-1.88498	0.558788
-1.82426	0.655574
-1.75437	0.742363
-1.6761	0.822869
-1.58995	0.900169
-1.4961	0.976845
-1.3945	1.05511
-1.2849	1.1369
-1.16686	1.22393
-1.03978	1.31769
-0.902927	1.4194
-0.755467	1.52979
-0.596534	1.64887
-0.425323	1.77536
-0.24125	1.9061
-0.0441903	2.0351
0.165204	2.15278
0.385117	2.24548
0.612197	2.29612
0.841337	2.28666
1.0658	2.20251
1.27781	2.03781
1.46967	1.7993
1.63493	1.50602
1.76947	1.18464
1.87181	0.862252
1.94294	0.560284
1.98553	0.291649
2.00317	0.0611138
1.9996	-0.132478
1.9783	-0.293652
1.9422	-0.428272
1.89367	-0.542273
1.83451	-0.64103
1.766	-0.729135
1.68902	-0.810415
1.6041	-0.888039
1.51147	-0.964659
1.41111	-1.04254
1.3028	-1.12365
1.18613	-1.20974
1.06052	-1.30235
0.925267	-1.40274
0.779544	-1.51173
0.622483	-1.62948
0.453262	-1.75495
0.271248	-1.88533
0.0762238	-2.01515
-0.131305	-2.13543
-0.349733	-2.23315
-0.575974	-2.29166
-0.805199	-2.29284
-1.0309	-2.22117
-1.24541	-2.06912
-1.44094	-1.8413
-1.61075	-1.55503
-1.75031	-1.23622
-1.85774	-0.912364
-1.93367	-0.606076
-1.98055	-0.33166
-2.00189	-0.0950521
-2.00143	0.104143
-1.98272	0.270072
-1.94879	0.40849
-1.9021	0.525378
-1.84452	0.62622
-1.77742	0.715737
-1.70174	0.797871
-1.61806	0.875886
-1.52664	0.952505
-1.42751	1.03005
-1.32048	1.11052
-1.20517	1.19572
-1.08102	1.28721
-0.947346	1.38629
-0.803336	1.4939
-0.648127	1.61029
-0.480879	1.73467
-0.300918	1.86456
-0.107942	1.99496
0.0976817	2.11751
0.314549	2.21983
0.539829	2.28576
0.768975	2.29717
0.995724	2.2378
1.21254	2.09851
1.41156	1.88182
1.58581	1.60322
1.73035	1.28768
1.84288	0.962934
1.92367	0.652684
1.97493	0.372631
2.00006	0.129935
2.00281	-0.0749724
1.98677	-0.245803
1.95507	-0.38817
1.91026	-0.508082
1.8543	-0.611128
1.78863	-0.702156
1.71426	-0.785225
1.63182	-0.863698
1.54161	-0.940375
1.44371	-1.01763
1.33796	-1.09752
1.22399	-1.18186
1.10128	-1.27226
0.969166	-1.37006
0.826848	-1.47628
0.67347	-1.5913
0.508178	-1.71453
0.330261	-1.84381
0.139341	-1.97459
-0.0643431	-2.0991
-0.279579	-2.20561
-0.503784	-2.27849
-0.732694	-2.29972
-0.9603	-2.25241
-1.17922	-2.12593
-1.38155	-1.92077
-1.56011	-1.65048
-1.70959	-1.33893
-1.82723	-1.01388
-1.91292	-0.700065
-1.96865	-0.414552
-1.99767	-0.165772
-2.00371	0.0449444
-1.99042	0.220821
-1.96102	0.36729
-1.91814	0.490366
-1.86383	0.595738
-1.79962	0.688377
-1.72658	0.772465
-1.64539	0.851466
-1.5564	0.928259
-1.45972	1.00528
-1.35523	1.08462
-1.24259	1.16815
-1.12131	1.25749
-0.99073	1.35405
-0.850084	1.45889
-0.698513	1.57252
-0.53516	1.69455
-0.359277	1.8231
-0.170419	1.95407
0.0312966	2.08024
0.244836	2.19055
0.46786	2.26992
0.696383	2.30053
0.92466	2.265
1.14548	2.15135
1.35095	1.95807
1.53369	1.6967
1.68801	1.38984
1.81076	1.06513
1.90143	0.748174
1.96171	0.457406
1.99471	0.202572
2.00413	-0.0140397
1.99368	-0.195101
1.96663	-0.345824
1.92573	-0.472208
1.87312	-0.580029
1.8104	-0.674385
1.7387	-0.759579
1.65876	-0.83918
1.57099	-0.91615
1.47554	-0.992986
1.37229	-1.07184
1.26097	-1.15458
1.1411	-1.2429
1.01204	-1.33824
0.873045	-1.44171
0.723262	-1.55396
0.561827	-1.67473
0.387967	-1.80246
0.201173	-1.93343
0.00145125	-2.061
-0.210335	-2.17473
-0.432078	-2.26014
-0.66007	-2.29968
-0.888835	-2.27562
-1.11135	-2.17475
-1.31977	-1.99364
-1.50654	-1.74177
-1.66565	-1.4403
-1.79349	-1.11659
-1.88917	-0.796958
-1.95408	-0.501177
-1.99115	-0.240339
-2.00406	-0.0177602
-1.99651	0.16862
-1.9719	0.323749
-1.93303	0.453586
-1.88215	0.563986
-1.82094	0.660166
-1.75061	0.746554
-1.67194	0.826828
-1.58539	0.904039
-1.49115	0.980745
-1.38916	1.05914
-1.27915	1.14116
-1.16066	1.22849
-1.03311	1.32263
-0.895737	1.42476
-0.747718	1.53561
-0.588183	1.6551
-0.416333	1.7819
-0.231601	1.91272
-0.0338944	2.04142
0.176087	2.1582
0.396457	2.2492
0.623778	2.29723
0.852855	2.2843
1.07688	2.19611
1.28805	2.02741
1.4787	1.78558
1.64249	1.49022
1.77541	1.16816
1.87614	0.846357
1.94575	0.545838
1.98699	0.279074
2.00347	0.0504722
1.99893	-0.141355
1.97681	-0.301041
1.94003	-0.434479
1.89093	-0.547588
1.83126	-0.645703
1.76231	-0.733377
1.68492	-0.814402
1.5996	-0.891915
1.50658	-0.968547
1.40583	-1.04654
1.29711	-1.12787
1.18	-1.21426
1.05392	-1.30723
0.918161	-1.40803
0.771886	-1.51748
0.61423	-1.63565
0.444374	-1.76146
0.261703	-1.89196
0.0660278	-2.02155
-0.142101	-2.14103
-0.361013	-2.23719
-0.587535	-2.29325
-0.81675	-2.29107
-1.04208	-2.21543
-1.25581	-2.05933
-1.45018	-1.82804
-1.61856	-1.53946
-1.75652	-1.21976
-1.86232	-0.896307
-1.93671	-0.591361
-1.98221	-0.318778
-2.00236	-0.0841116
-2.0009	0.113282
-1.98135	0.277676
-1.94672	0.414865
-1.89944	0.530816
-1.84135	0.630979
-1.7738	0.720035
-1.6977	0.801888
-1.61362	0.87977
-1.52181	0.956384
-1.42229	1.03403
-1.31486	1.1147
-1.19911	1.20018
-1.0745	1.29202
-0.940323	1.39152
-0.795769	1.49957
-0.639971	1.61639
-0.472094	1.74113
-0.291478	1.87119
-0.097847	2.00143
0.108389	2.12329
0.325763	2.22419
0.551362	2.2878
0.780551	2.29598
1.00699	2.23271
1.22309	2.08934
1.42101	1.86905
1.59386	1.58793
1.73682	1.27127
1.84772	0.946739
1.92694	0.637713
1.9768	0.359443
2.0007	0.118691
2.00242	-0.0843806
1.98552	-0.25363
1.9531	-0.39472
1.90768	-0.51365
1.8512	-0.61598
1.78508	-0.706514
1.71029	-0.789276
1.62744	-0.867594
1.53685	-0.944247
1.43856	-1.02159
1.3324	-1.10166
1.218	-1.18627
1.09484	-1.27701
0.962225	-1.37522
0.81937	-1.48188
0.665409	-1.59734
0.499494	-1.72095
0.320926	-1.85043
0.129349	-1.98111
-0.0749587	-2.10503
-0.290723	-2.21025
-0.515283	-2.28096
-0.744285	-2.29909
-0.971638	-2.24796
-1.18991	-2.11739
-1.3912	-1.90851
-1.5684	-1.6355
-1.71631	-1.32259
-1.83231	-0.997577
-1.91644	-0.684852
-1.97073	-0.401062
-1.9985	-0.154223
-2.00347	0.0546285
-1.9893	0.228878
-1.95915	0.37402
-1.91565	0.496071
-1.86081	0.600686
-1.79614	0.6928
-1.72267	0.776553
-1.64107	0.855378
-1.5517	0.932127
-1.45463	1.00922
-1.34973	1.08873
-1.23667	1.17251
-1.11494	1.26218
-0.983871	1.35914
-0.842693	1.46442
-0.690548	1.5785
-0.526577	1.70091
-0.350046	1.8297
-0.160529	1.96063
0.0418181	2.08631
0.255906	2.19545
0.479318	2.2728
0.707981	2.30046
0.936064	2.2612
1.1563	2.14345
1.36079	1.94635
1.54221	1.68206
1.69499	1.37362
1.81611	1.04874
1.90518	0.732734
1.964	0.44362
1.99572	0.190715
2.00405	-0.0240058
1.99268	-0.203396
1.96487	-0.352744
1.92333	-0.478056
1.87018	-0.585082
1.80698	-0.678878
1.73485	-0.763709
1.65451	-0.84311
1.56635	-0.920017
1.47051	-0.996906
1.36687	-1.07591
1.25513	-1.1589
1.1348	-1.24754
1.00526	-1.34326
0.865742	-1.44717
0.71539	-1.55986
0.553345	-1.68104
0.37884	-1.80904
0.191387	-1.94003
-0.00897419	-2.06719
-0.221327	-2.17986
-0.443489	-2.26339
-0.671665	-2.30013
-0.900294	-2.27244
-1.12229	-2.1675
-1.32979	-1.98248
-1.51529	-1.72751
-1.67288	-1.42424
-1.7991	-1.10014
-1.89317	-0.781308
-1.95659	-0.4871
-1.99235	-0.228172
-2.00414	-0.00750628
-1.99565	0.177161
-1.97025	0.330866
-1.93073	0.459585
-1.87929	0.569147
-1.8176	0.664733
-1.74683	0.75073
-1.66775	0.830781
-1.58082	0.907908
-1.48619	0.98465
-1.3838	1.06319
-1.27337	1.14543
-1.15444	1.23308
-1.02641	1.32759
-0.888519	1.43015
-0.739939	1.54144
-0.579799	1.66135
-0.407309	1.78846
-0.221919	1.91934
-0.0235668	2.04771
0.186996	2.16355
0.407814	2.25282
0.635364	2.29818
0.86436	2.28173
1.08792	2.18951
1.29824	2.01683
1.48767	1.77174
1.64997	1.47435
1.78127	1.15169
1.88038	0.830518
1.94848	0.53148
1.98839	0.266598
2.00371	0.0399253
1.9982	-0.150149
1.97528	-0.308363
1.93783	-0.440635
1.88815	-0.552864
1.82799	-0.650349
1.75859	-0.737603
1.68079	-0.818379
1.59509	-0.895789
1.50168	-0.972439
1.40053	-1.05056
1.29139	-1.1321
1.17385	-1.21878
1.0473	-1.31213
0.911029	-1.41335
0.764199	-1.52324
0.605945	-1.64184
0.435454	-1.76797
0.252126	-1.8986
0.0557997	-2.02792
-0.152925	-2.14658
-0.372312	-2.24114
-0.599103	-2.29468
-0.828292	-2.28911
-1.05322	-2.20949
-1.26616	-2.04934
-1.45936	-1.81464
-1.62629	-1.52382
-1.76264	-1.20329
-1.86682	-0.880299
-1.93967	-0.576731
-1.98381	-0.305993
-2.00277	-0.0732669
-2.00032	0.122337
-1.97994	0.285211
-1.94462	0.421185
-1.89675	0.536214
-1.83815	0.635711
-1.77015	0.724315
-1.69364	0.805894
-1.60916	0.883652
-1.51697	0.960265
-1.41705	1.03802
-1.30921	1.11889
-1.19303	1.20466
-1.06796	1.29686
-0.933274	1.39677
-0.788172	1.50526
-0.631783	1.62252
-0.463277	1.74761
-0.282005	1.87782
-0.0877197	2.00788
0.119125	2.12902
0.336998	2.22844
0.562905	2.28969
0.79212	2.29461
1.01822	2.22742
1.23359	2.07996
1.43039	1.85612
1.60183	1.57254
1.7432	1.25483
1.85247	0.930586
1.93014	0.622822
1.9786	0.346352
2.00129	0.107545
2.00198	-0.093702
1.98423	-0.261385
1.9511	-0.401212
1.90508	-0.519176
1.84808	-0.620801
1.7815	-0.710853
1.70629	-0.793315
1.62305	-0.871487
1.53207	-0.94812
1.43339	-1.02555
1.32682	-1.10581
1.21199	-1.1907
1.08837	-1.28178
0.955259	-1.38041
0.811863	-1.48751
0.657318	-1.6034
0.490779	-1.72738
0.311557	-1.85706
0.119323	-1.98762
-0.0856038	-2.11091
-0.301889	-2.21479
-0.526793	-2.28329
-0.755872	-2.29829
-0.982953	-2.24331
-1.20055	-2.10864
-1.40079	-1.89608
-1.57661	-1.62041
-1.72294	-1.30623
-1.83732	-0.981302
-1.91987	-0.669715
-1.97274	-0.387667
-1.99926	-0.142772
-2.00319	0.0642238
-1.98813	0.236861
-1.95726	0.380693
-1.91314	0.501731
-1.85777	0.605603
-1.79263	0.697202
-1.71874	0.780629
-1.63674	0.859284
-1.54698	0.935996
-1.44952	1.01316
-1.34422	1.09285
-1.23073	1.17689
-1.10854	1.2669
-0.976986	1.36425
-0.835275	1.46997
-0.682552	1.58449
-0.517962	1.70729
-0.340782	1.83632
-0.150606	1.96719
0.0523699	2.09234
0.267	2.20026
0.49079	2.27554
0.719578	2.30021
0.947447	2.25719
1.16707	2.13534
1.37056	1.93444
1.55065	1.66731
1.70188	1.35736
1.82137	1.03237
1.90886	0.717365
1.96622	0.429927
1.99667	0.178956
2.00392	-0.0338812
1.99165	-0.211615
1.96308	-0.359603
1.92091	-0.483858
1.86721	-0.5901
1.80354	-0.683347
1.73098	-0.767825
1.65024	-0.847034
1.56169	-0.923884
1.46546	-1.00083
1.36142	-1.07999
1.24926	-1.16323
1.12848	-1.2522
0.998459	-1.34831
0.858411	-1.45266
0.707488	-1.56579
0.54483	-1.68737
0.36968	-1.81563
0.181567	-1.94662
-0.0194305	-2.07333
-0.232343	-2.18492
-0.454916	-2.26653
-0.683263	-2.30042
-0.911737	-2.26907
-1.13319	-2.16004
-1.33975	-1.97113
-1.52396	-1.71312
-1.68003	-1.40813
-1.80462	-1.0837
-1.89709	-0.765724
-1.95903	-0.473115
-1.99349	-0.216105
-2.00416	0.00265513
-1.99475	0.185623
-1.96857	0.33792
-1.9284	0.465535
-1.87641	0.574273
-1.81423	0.669275
-1.74302	0.75489
-1.66354	0.834725
-1.57622	0.911775
-1.4812	0.988558
-1.37841	1.06724
-1.26756	1.14972
-1.14819	1.23768
-1.01968	1.33258
-0.881274	1.43557
-0.732131	1.5473
-0.571385	1.66762
-0.398253	1.79502
-0.212204	1.92596
-0.0132079	2.05396
0.197932	2.16883
0.419189	2.25632
0.646954	2.29898
0.875852	2.27898
1.09894	2.1827
1.30837	2.00605
1.49656	1.75775
1.65737	1.45841
1.78705	1.13521
1.88455	0.814737
1.95115	0.517211
1.98972	0.254221
2.0039	0.0294724
1.99744	-0.158861
1.97371	-0.315619
1.93559	-0.44674
1.88535	-0.558103
1.8247	-0.654969
1.75486	-0.741812
1.67665	-0.822348
1.59055	-0.899661
1.49675	-0.976334
1.3952	-1.05458
1.28566	-1.13634
1.16767	-1.22333
1.04066	-1.31705
0.903869	-1.41869
0.756483	-1.52903
0.597629	-1.64805
0.426501	-1.7745
0.242514	-1.90523
0.0455396	-2.03427
-0.163777	-2.15207
-0.38363	-2.24498
-0.610677	-2.29597
-0.839824	-2.28696
-1.06434	-2.20333
-1.27646	-2.03916
-1.46848	-1.80109
-1.63393	-1.50809
-1.76868	-1.18681
-1.87124	-0.864343
-1.94256	-0.562187
-1.98534	-0.293307
-2.00313	-0.0625178
-1.99969	0.131307
-1.97849	0.292677
-1.94248	0.427453
-1.89403	0.541573
-1.83493	0.640414
-1.76648	0.728577
-1.68956	0.809891
-1.60469	0.88753
-1.51211	0.964149
-1.4118	1.04201
-1.30354	1.1231
-1.18693	1.20915
-1.06139	1.30171
-0.926198	1.40204
-0.780547	1.51098
-0.623565	1.62867
-0.454426	1.7541
-0.272498	1.88446
-0.07756	2.01431
0.12989	2.13469
0.348254	2.23261
0.574457	2.29144
0.803682	2.29306
1.02943	2.22191
1.24405	2.07039
1.43972	1.84303
1.60972	1.55707
1.74949	1.23838
1.85714	0.914476
1.93326	0.608014
1.98033	0.333359
2.00182	0.0964956
2.0015	-0.102937
1.9829	-0.269069
1.94906	-0.407649
1.90245	-0.524661
1.84494	-0.625593
1.7779	-0.715172
1.70227	-0.797343
1.61864	-0.875375
1.52727	-0.951996
1.42819	-1.02952
1.32122	-1.10998
1.20596	-1.19514
1.08188	-1.28658
0.948266	-1.38561
0.804328	-1.49315
0.649196	-1.60949
0.48203	-1.73382
0.302155	-1.86369
0.109265	-1.99411
-0.0962782	-2.11675
-0.313078	-2.21925
-0.538315	-2.28548
-0.767455	-2.29731
-0.994243	-2.23846
-1.21115	-2.0997
-1.41031	-1.88349
-1.58475	-1.60522
-1.7295	-1.28984
-1.84224	-0.965064
-1.92323	-0.654655
-1.97468	-0.37437
-1.99997	-0.131418
-2.00285	0.0737309
-1.98693	0.24477
-1.95533	0.387306
-1.91059	0.507348
-1.8547	0.610489
-1.7891	0.701582
-1.71478	0.784693
-1.63239	0.863186
-1.54224	0.939867
-1.44439	1.01711
-1.33868	1.09698
-1.22477	1.18128
-1.10213	1.27163
-0.970075	1.36939
-0.827828	1.47555
-0.674525	1.59051
-0.509315	1.71369
-0.331484	1.84294
-0.140651	1.97373
0.0629517	2.09832
0.278117	2.205
0.502275	2.27816
0.731172	2.29978
0.95881	2.25297
1.17781	2.12703
1.38028	1.92237
1.55902	1.65244
1.7087	1.34107
1.82655	1.01603
1.91246	0.702068
1.96838	0.41633
1.99756	0.167296
2.00374	-0.0436665
1.99057	-0.219757
1.96126	-0.366401
1.91846	-0.489614
1.86422	-0.595085
1.80008	-0.687795
1.72709	-0.771928
1.64595	-0.850952
1.55702	-0.927752
1.46039	-1.00476
1.35595	-1.08409
1.24336	-1.16758
1.12214	-1.25687
0.991629	-1.35338
0.851052	-1.45816
0.699557	-1.57174
0.536284	-1.69372
0.360487	-1.82223
0.171715	-1.9532
-0.0299175	-2.07945
-0.243385	-2.18991
-0.466357	-2.26954
-0.694861	-2.30053
-0.923162	-2.26549
-1.14405	-2.15237
-1.34965	-1.9596
-1.53256	-1.69862
-1.68709	-1.39196
-1.81006	-1.06729
-1.90093	-0.750206
-1.9614	-0.459223
-1.99457	-0.204136
-2.00414	0.0127246
-1.9938	0.194006
-1.96686	0.344911
-1.92604	0.471437
-1.8735	0.579364
-1.81084	0.673794
-1.7392	0.759036
-1.65932	0.838663
-1.5716	0.915643
-1.47619	0.992472
-1.37301	1.0713
-1.26174	1.15402
-1.14192	1.2423
-1.01293	1.33758
-0.874002	1.441
-0.724293	1.55318
-0.562938	1.67391
-0.389163	1.80159
-0.202455	1.93257
-0.00281759	2.06019
0.208894	2.17405
0.430582	2.2597
0.658547	2.29961
0.887329	2.27602
1.10991	2.17569
1.31845	1.99509
1.50539	1.74363
1.66469	1.44241
1.79275	1.11875
1.88864	0.799017
1.95374	0.503031
1.99099	0.241943
2.00404	0.0191132
1.99662	-0.167493
1.97211	-0.32281
1.93333	-0.452795
1.88252	-0.563306
1.82138	-0.659564
1.7511	-0.746005
1.67249	-0.826309
1.58599	-0.903531
1.49181	-0.980233
1.38986	-1.05861
1.2799	-1.1406
1.16148	-1.22789
1.03398	-1.32198
0.896682	-1.42406
0.748737	-1.53484
0.589281	-1.65428
0.417515	-1.78104
0.23287	-1.91185
0.0352478	-2.04059
-0.174656	-2.15749
-0.394967	-2.24872
-0.622258	-2.2971
-0.851343	-2.28462
-1.07542	-2.19697
-1.28671	-2.02879
-1.47752	-1.78739
-1.6415	-1.4923
-1.77464	-1.17033
-1.87557	-0.84844
-1.94538	-0.547729
-1.9868	-0.28072
-2.00343	-0.0518638
-1.99902	0.140194
-1.977	0.300075
-1.94032	0.433667
-1.89129	0.546892
-1.83169	0.645091
-1.76279	0.732821
-1.68546	0.813879
-1.60019	0.891406
-1.50722	0.968037
-1.40652	1.04602
-1.29785	1.12731
-1.1808	1.21366
-1.05479	1.30659
-0.919096	1.40734
-0.772893	1.51672
-0.615315	1.63484
-0.445543	1.7606
-0.262958	1.89109
-0.0673681	2.02071
0.140682	2.1403
0.359531	2.23667
0.586017	2.29305
0.815234	2.29131
1.04061	2.2162
1.25445	2.06063
1.44897	1.82979
1.61754	1.54151
1.75571	1.22192
1.86173	0.898413
1.93631	0.593288
1.982	0.320463
2.0023	0.0855424
2.00097	-0.112087
1.98153	-0.276682
1.947	-0.414031
1.89979	-0.530104
1.84177	-0.630356
1.77428	-0.719472
1.69823	-0.801361
1.6142	-0.879261
1.52245	-0.955874
1.42298	-1.0335
1.31559	-1.11415
1.19991	-1.1996
1.07536	-1.29139
0.941247	-1.39083
0.796764	-1.49882
0.641043	-1.61559
0.473249	-1.74028
0.292719	-1.87032
0.0991742	-2.00058
-0.106982	-2.12253
-0.324289	-2.22362
-0.549847	-2.28754
-0.779032	-2.29615
-1.00551	-2.23339
-1.22171	-2.09055
-1.41977	-1.87073
-1.5928	-1.58994
-1.73597	-1.27342
-1.84709	-0.948863
-1.92651	-0.639674
-1.97656	-0.361169
-2.00062	-0.120162
-2.00247	0.0831505
-1.98569	0.252607
