0.1	0.1
0.109776	0.0953083
0.119019	0.0893367
0.1276	0.0820701
0.13539	0.0735064
0.142259	0.0636576
0.148079	0.0525503
0.152728	0.0402258
0.156086	0.0267405
0.15804	0.0121656
0.158485	-0.003413
0.157327	-0.019895
0.15448	-0.0371664
0.149872	-0.0550999
0.143443	-0.0735555
0.135148	-0.0923807
0.124959	-0.111412
0.112865	-0.130473
0.0988701	-0.149378
0.0830009	-0.167929
0.0653029	-0.18592
0.0458429	-0.203131
0.0247102	-0.219335
0.0020172	-0.234297
-0.0220997	-0.247772
-0.0474794	-0.259512
-0.0739357	-0.269263
-0.101257	-0.276776
-0.129208	-0.281804
-0.157527	-0.28411
-0.185932	-0.283475
-0.214118	-0.279704
-0.241762	-0.272628
-0.268529	-0.262118
-0.294068	-0.248086
-0.318027	-0.230495
-0.340049	-0.209356
-0.359782	-0.184733
-0.376883	-0.156745
-0.391024	-0.125558
-0.401895	-0.0913803
-0.409209	-0.0544608
-0.412705	-0.0150757
-0.412152	0.0264773
-0.407348	0.069887
-0.398123	0.114835
-0.38434	0.161
-0.365893	0.208062
-0.342709	0.255695
-0.314746	0.303571
-0.281998	0.351346
-0.244492	0.398651
-0.202296	0.44508
-0.155521	0.49017
-0.104325	0.533391
-0.0489254	0.574123
0.0103932	0.611648
0.07327	0.645141
0.139256	0.673668
0.207804	0.696208
0.278262	0.711678
0.349868	0.718985
0.421752	0.717095
0.49295	0.705115
0.562416	0.682385
0.629056	0.648562
0.691759	0.603685
0.749439	0.548207
0.801075	0.48298
0.84575	0.409204
0.882679	0.328321
0.911229	0.241901
0.930926	0.15151
0.941447	0.0585934
0.942603	-0.0356095
0.934315	-0.130127
0.91659	-0.224277
0.889486	-0.317658
0.853089	-0.410122
0.80749	-0.50172
0.752767	-0.592652
0.688973	-0.683187
0.616134	-0.773592
0.534253	-0.864033
0.443327	-0.954471
0.343371	-1.04453
0.234463	-1.13332
0.1168	-1.21929
-0.00922194	-1.30003
-0.142919	-1.37212
-0.283209	-1.43108
-0.428517	-1.47151
-0.576698	-1.48755
-0.725025	-1.47359
-0.870268	-1.42533
-1.00888	-1.34092
-1.13729	-1.22173
-1.25222	-1.07258
-1.35105	-0.901054
-1.43199	-0.71625
-1.49416	-0.527223
-1.53756	-0.341691
-1.56281	-0.165264
-1.57103	-0.00126391
-1.56352	0.149032
-1.54167	0.285908
-1.50674	0.410703
-1.45987	0.525365
-1.40193	0.632126
-1.33363	0.733281
-1.25539	0.831068
-1.16746	0.927589
-1.06985	1.02477
-0.962423	1.1243
-0.844864	1.22761
-0.716741	1.33568
-0.577554	1.4489
-0.426808	1.56668
-0.264129	1.68707
-0.0894354	1.80612
0.0968358	1.91728
0.293441	2.01094
0.498022	2.07452
0.70686	2.09366
0.914814	2.05484
1.11558	1.94914
1.30238	1.77603
1.46885	1.54516
1.61008	1.27475
1.72323	0.987089
1.80763	0.703082
1.8645	0.438348
1.89625	0.201803
1.9059	-0.00360937
1.89652	-0.179168
1.87094	-0.328541
1.83153	-0.456383
1.78022	-0.56744
1.71846	-0.666097
1.64729	-0.756206
1.56739	-0.841075
1.47915	-0.923531
1.38268	-1.00602
1.27788	-1.09066
1.16442	-1.17933
1.04182	-1.27368
0.909447	-1.37504
0.766548	-1.48431
0.612312	-1.60172
0.44596	-1.72637
0.26688	-1.85564
0.0748469	-1.98433
-0.129687	-2.10389
-0.345212	-2.20175
-0.568774	-2.26167
-0.795677	-2.26565
-1.0195	-2.19795
-1.23259	-2.05048
-1.42705	-1.82728
-1.59607	-1.54535
-1.73502	-1.2305
-1.84199	-0.910188
-1.91764	-0.60694
-1.96443	-0.334898
-1.98586	-0.0998951
-1.98564	0.0984527
-1.96726	0.264179
-1.9337	0.40288
-1.88739	0.520378
-1.83016	0.622026
-1.76335	0.71245
-1.68791	0.79553
-1.60439	0.874496
-1.51306	0.952055
-1.41394	1.03052
-1.30685	1.11191
-1.19141	1.198
-1.06704	1.29037
-0.933077	1.39033
-0.788694	1.49879
-0.633027	1.61599
-0.465231	1.74108
-0.284628	1.87152
-0.0909153	2.00217
0.115533	2.12445
0.333278	2.22565
0.559408	2.28914
0.789224	2.29631
1.01623	2.23061
1.2326	2.08322
1.43025	1.85787
1.60213	1.57181
1.74347	1.25162
1.85228	0.925756
1.92922	0.617529
1.97687	0.341531
1.99881	0.103702
1.99887	-0.0964568
1.98063	-0.263187
1.94715	-0.4023
1.90089	-0.519799
1.84373	-0.621171
1.77704	-0.711134
1.70175	-0.793626
1.61845	-0.871911
1.52742	-0.948714
1.42868	-1.02635
1.32205	-1.10685
1.20715	-1.192
1.08344	-1.28337
0.950226	-1.38231
0.806696	-1.48976
0.651978	-1.60605
0.485212	-1.73049
0.305683	-1.86073
0.113029	-1.99194
-0.0924701	-2.11593
-0.309511	-2.22037
-0.535351	-2.28893
-0.765476	-2.30296
-0.993543	-2.24537
-1.21181	-2.10619
-1.41211	-1.88773
-1.58723	-1.60602
-1.73207	-1.28716
-1.84439	-0.95989
-1.92459	-0.648382
-1.97512	-0.368212
-1.99951	-0.126118
-2.00162	0.0778988
-1.98507	0.247848
-1.95299	0.389491
-1.90791	0.50888
-1.85177	0.611589
-1.78599	0.70243
-1.71154	0.785424
-1.62905	0.8639
-1.53882	0.940634
-1.4409	1.01798
-1.33514	1.09799
-1.22116	1.18246
-1.09844	1.27301
-0.966306	1.371
-0.823958	1.47743
-0.670523	1.59273
-0.505133	1.71633
-0.327047	1.84612
-0.135848	1.9776
0.0682754	2.10299
0.284158	2.21046
0.509243	2.28409
0.739226	2.3053
0.967958	2.25655
1.18781	2.12677
1.39061	1.9167
1.56894	1.6409
1.71744	1.32468
1.8335	0.9969
1.91728	0.682545
1.97102	0.39825
1.99819	0.151678
2.00264	-0.0565442
1.98804	-0.230104
1.95759	-0.374657
1.91387	-0.496276
1.85891	-0.600614
1.79416	-0.692575
1.72067	-0.776268
1.63907	-0.855094
1.54972	-0.931885
1.45268	-1.00904
1.34783	-1.08863
1.23481	-1.1725
1.11313	-1.26227
0.982115	-1.35933
0.840983	-1.46475
0.688868	-1.57903
0.524894	-1.70175
0.348297	-1.831
0.15861	-1.96262
-0.044065	-2.08924
-0.258698	-2.19953
-0.482913	-2.27798
-0.712618	-2.3062
-0.941871	-2.26627
-1.16318	-2.14606
-1.36836	-1.94475
-1.54984	-1.67538
-1.70197	-1.36233
-1.82181	-1.03447
-1.90924	-0.717523
-1.96629	-0.4292
-1.99633	-0.178128
-2.0032	0.0343917
-1.99063	0.211683
-1.96186	0.359271
-1.91956	0.483234
-1.86581	0.589299
-1.80213	0.682462
-1.7296	0.76692
-1.64892	0.846152
-1.56045	0.923046
-1.4643	1.00004
-1.36037	1.07926
-1.24832	1.16254
-1.12767	1.25155
-0.997768	1.34771
-0.857849	1.45212
-0.707048	1.56538
-0.544486	1.68718
-0.36938	1.81584
-0.181214	1.94749
0.0199925	2.07519
0.233337	2.18809
0.456619	2.27113
0.68596	2.30613
0.915625	2.27485
1.13827	2.16422
1.34572	1.97188
1.53028	1.7093
1.68601	1.39983
1.80964	1.07224
1.90074	0.75295
1.96115	0.460712
1.99412	0.205152
2.00348	-0.0117187
1.99297	-0.192824
1.96592	-0.343535
1.92507	-0.469924
1.87256	-0.577786
1.80996	-0.672211
1.73842	-0.757485
1.65865	-0.837163
1.57107	-0.914195
1.47582	-0.991068
1.37279	-1.06992
1.2617	-1.15265
1.14208	-1.24092
1.01328	-1.33619
0.874567	-1.43961
0.725069	-1.55183
0.563911	-1.6727
0.390288	-1.80072
0.203644	-1.93231
0.0039194	-2.06094
-0.208106	-2.17624
-0.430402	-2.26362
-0.659301	-2.30515
-0.889279	-2.28236
-1.11314	-2.18127
-1.32277	-1.99805
-1.51032	-1.74258
-1.66961	-1.43709
-1.79703	-1.11014
-1.89183	-0.788757
-1.95564	-0.492732
-1.99159	-0.232705
-2.00348	-0.0114416
-1.99509	0.173552
-1.9698	0.327469
-1.93043	0.456363
-1.87917	0.566092
-1.81768	0.661836
-1.74712	0.747974
-1.66828	0.828138
-1.58159	0.905341
-1.48722	0.982117
-1.38511	1.06064
-1.27497	1.14283
-1.15636	1.23038
-1.02867	1.32477
-0.891141	1.4272
-0.742935	1.5384
-0.583168	1.65832
-0.411022	1.78564
-0.225898	1.91709
-0.0276659	2.04651
0.183013	2.16402
0.404276	2.25551
0.632658	2.3033
0.862852	2.2888
1.08783	2.1972
1.29952	2.02325
1.48999	1.77518
1.65278	1.47407
1.78397	1.14812
1.8825	0.824915
1.94975	0.525242
1.98874	0.260784
2.00321	0.0350906
1.99698	-0.153863
1.9735	-0.311068
1.93563	-0.442546
1.88565	-0.554211
1.82527	-0.651333
1.75571	-0.738382
1.6778	-0.819073
1.59201	-0.896481
1.49853	-0.973189
1.39732	-1.05141
1.28813	-1.13308
1.17053	-1.21993
1.04392	-1.31347
0.907572	-1.41492
0.760645	-1.52509
0.60226	-1.64403
0.431581	-1.77063
0.247977	-1.90185
0.0512448	-2.03193
-0.158064	-2.15146
-0.378246	-2.2468
-0.606041	-2.30062
-0.836355	-2.2942
-1.06234	-2.21201
-1.27599	-2.04743
-1.46928	-1.80707
-1.63552	-1.51071
-1.77048	-1.18615
-1.87275	-0.861398
-1.94349	-0.558233
-1.98556	-0.289387
-2.00267	-0.0592341
-1.99865	0.133749
-1.977	0.294323
-1.94066	0.428464
-1.89198	0.542136
-1.83274	0.640696
-1.7642	0.728707
-1.68722	0.809964
-1.60232	0.887611
-1.50973	0.964281
-1.40942	1.04222
-1.30118	1.12341
-1.18458	1.20958
-1.05904	1.30227
-0.923861	1.40276
-0.778203	1.51189
-0.621187	1.62985
-0.451968	1.75567
-0.269879	1.88659
-0.0746542	2.01722
0.133261	2.13858
0.35232	2.23755
0.579459	2.29713
0.809803	2.29858
1.03668	2.22571
1.25218	2.07059
1.4482	1.8382
1.61784	1.54698
1.75654	1.22418
1.86258	0.89818
1.93684	0.591692
1.98204	0.318514
2.00184	0.0838779
2.00007	-0.113199
1.9803	-0.277225
1.94553	-0.41411
1.89818	-0.529861
1.84008	-0.629919
1.77257	-0.718942
1.69653	-0.800808
1.61253	-0.87873
1.52083	-0.955391
1.42142	-1.03308
1.31411	-1.1138
1.1985	-1.19931
1.07404	-1.29117
0.940011	-1.39071
0.795609	-1.49882
0.639951	-1.61578
0.472182	-1.74079
0.291605	-1.87134
0.0978928	-2.00238
-0.10861	-2.1254
-0.326504	-2.22777
-0.552923	-2.29286
-0.783205	-2.30196
-1.01087	-2.23829
-1.22811	-2.0927
-1.42677	-1.86854
-1.59975	-1.58283
-1.74217	-1.26218
-1.85198	-0.935233
-1.92981	-0.625606
-1.97819	-0.348163
-2.00072	-0.109028
-2.00126	0.0922069
-1.98341	0.259763
-1.95024	0.399474
-1.90424	0.517376
-1.8473	0.618995
-1.78082	0.709081
-1.70574	0.7916
-1.62264	0.869831
-1.53182	0.946515
-1.43331	1.02398
-1.32693	1.10425
-1.21231	1.18912
-1.0889	1.28018
-0.956022	1.37877
-0.812864	1.48586
-0.658553	1.60182
-0.492224	1.72599
-0.313154	1.8561
-0.120959	1.98744
0.084112	2.11196
0.300805	2.21749
0.52644	2.28784
0.756574	2.30435
0.984927	2.24977
1.20379	2.11374
1.405	1.89804
1.58124	1.6182
1.72735	1.3001
1.84095	0.972528
1.92237	0.65996
1.97399	0.378331
1.99932	0.134688
2.00221	-0.0707625
1.98631	-0.24193
1.95477	-0.384547
1.91015	-0.504674
1.8544	-0.607918
1.78896	-0.699121
1.71484	-0.782335
1.63265	-0.860913
1.54272	-0.93765
1.4451	-1.01492
1.33965	-1.09477
1.226	-1.17902
1.10364	-1.26929
0.971896	-1.36695
0.82997	-1.47303
0.676994	-1.58797
0.512096	-1.71127
0.334527	-1.84087
0.143852	-1.97242
-0.0597713	-2.09826
-0.275227	-2.20675
-0.500019	-2.28209
-0.729921	-2.30579
-0.958854	-2.26014
-1.17923	-2.13371
-1.38288	-1.92667
-1.56233	-1.65307
-1.7121	-1.33789
-1.82949	-1.01003
-1.91454	-0.694738
-1.96944	-0.409015
-1.99761	-0.160864
-2.0029	0.0488579
-1.989	0.223714
-1.95913	0.369319
-1.91591	0.491748
-1.86136	0.596681
-1.79699	0.689054
-1.72383	0.773008
-1.64255	0.85197
-1.55351	0.928792
-1.45678	1.00589
-1.35225	1.08534
-1.23958	1.169
-1.11826	1.2585
-0.987633	1.35524
-0.846928	1.46031
-0.695275	1.57423
-0.531798	1.69663
-0.355725	1.82568
-0.166571	1.95732
0.0355903	2.08434
0.249775	2.19557
0.473669	2.27566
0.703257	2.30629
0.932666	2.26942
1.15445	2.15257
1.36045	1.95439
1.54302	1.68737
1.69642	1.37553
1.81759	1.04772
1.90631	0.729921
1.96453	0.440209
1.99559	0.187558
2.00333	-0.026485
1.99148	-0.205108
1.96331	-0.353783
1.92152	-0.478589
1.86819	-0.585276
1.8049	-0.678876
1.73271	-0.763616
1.65235	-0.842999
1.56419	-0.919938
1.46836	-0.996889
1.36475	-1.07597
1.25303	-1.15906
1.13274	-1.24781
1.00324	-1.34365
0.86374	-1.44771
0.713398	-1.56061
0.551331	-1.68209
0.376747	-1.81052
0.189116	-1.94216
-0.0115714	-2.07021
-0.224455	-2.18397
-0.447397	-2.26857
-0.676592	-2.30588
-0.906378	-2.27761
-1.12946	-2.17034
-1.33769	-1.98119
-1.52331	-1.72107
-1.68029	-1.41295
-1.80526	-1.08554
-1.89766	-0.765491
-1.95926	-0.471907
-1.99327	-0.214774
-2.00351	0.00363621
-1.99374	0.1861
-1.96731	0.337928
-1.92697	0.465188
-1.8749	0.573698
-1.81269	0.66858
-1.74149	0.754152
-1.66205	0.833996
-1.57478	0.911085
-1.47984	0.98792
-1.37713	1.06666
-1.26638	1.14919
-1.14711	1.23721
-1.01871	1.33217
-0.880407	1.43523
-0.731365	1.5471
-0.570697	1.66764
-0.397594	1.79541
-0.211484	1.92697
-0.0122829	2.05589
0.199272	2.17199
0.421211	2.26084
0.649937	2.3046
0.880001	2.28474
1.10427	2.18699
1.31463	2.00702
1.50322	1.75411
1.66374	1.45012
1.79249	1.12348
1.8886	0.801425
1.95361	0.5041
1.99062	0.242512
2.00342	0.0196958
1.99578	-0.166682
1.97112	-0.321744
1.93227	-0.451537
1.88146	-0.561939
1.82036	-0.65816
1.75015	-0.744613
1.67164	-0.824957
1.58526	-0.902228
1.49121	-0.978977
1.38941	-1.05739
1.27961	-1.1394
1.16136	-1.2267
1.03404	-1.32079
0.896931	-1.42287
0.749176	-1.53371
0.589896	-1.65329
0.418266	-1.78036
0.233677	-1.91174
0.0359708	-2.04141
-0.174229	-2.15965
-0.395117	-2.25251
-0.623301	-2.30245
-0.853548	-2.29081
-1.07889	-2.20253
-1.29128	-2.03186
-1.48275	-1.78647
-1.64676	-1.48698
-1.77928	-1.16148
-1.87913	-0.8377
-1.9476	-0.536781
-1.98766	-0.270775
-2.00305	-0.043518
-1.99759	0.146844
-1.97475	0.305223
-1.93741	0.437628
-1.88789	0.54999
-1.82791	0.647611
-1.75871	0.734992
-1.68112	0.815877
-1.59564	0.893365
-1.50248	0.970057
-1.40158	1.04818
-1.29273	1.12968
-1.17548	1.21628
-1.04925	1.30952
-0.913312	1.41063
-0.766833	1.52044
-0.60893	1.63904
-0.438765	1.76536
-0.255693	1.89649
-0.0594903	2.02678
0.149331	2.14697
0.369123	2.24361
0.596696	2.29948
0.827031	2.29585
1.05334	2.21695
1.26765	2.05569
1.46191	1.8181
1.62936	1.5235
1.76563	1.19951
1.86923	0.874291
1.9412	0.569938
1.98436	0.299562
2.00241	0.0678366
1.99918	-0.126577
1.97818	-0.288355
1.94239	-0.423452
1.89418	-0.537846
1.83533	-0.636925
1.76715	-0.725286
1.6905	-0.806752
1.60592	-0.884492
1.51364	-0.961156
1.41365	-1.03901
1.30573	-1.12002
1.18948	-1.20596
1.06433	-1.29836
0.929552	-1.39851
0.784337	-1.50729
0.627799	-1.6249
0.459091	-1.75044
0.277533	-1.88123
0.0828398	-2.01202
-0.124581	-2.13398
-0.343236	-2.23417
-0.570129	-2.29571
-0.800461	-2.29988
-1.02763	-2.23026
-1.24375	-2.07848
-1.44071	-1.84895
-1.61153	-1.55963
-1.75154	-1.23754
-1.85891	-0.911171
-1.93441	-0.603558
-1.98073	-0.328873
-2.00148	-0.0926577
-2.00052	0.105874
-1.98142	0.27113
-1.94721	0.408999
-1.90033	0.525498
-1.84263	0.626097
-1.77548	0.715488
-1.69978	0.797578
-1.6161	0.875605
-1.5247	0.952271
-1.42561	1.02988
-1.31863	1.11043
-1.20337	1.19572
-1.07927	1.2873
-0.945653	1.3865
-0.801689	1.49425
-0.646506	1.61086
-0.479244	1.73558
-0.299197	1.86598
-0.106018	1.99714
0.0999835	2.12071
0.31746	2.22421
0.54361	2.29118
0.77385	2.30291
1.00177	2.24245
1.21959	2.10022
1.41916	1.879
1.59329	1.59532
1.73701	1.27551
1.84816	0.948313
1.92724	0.637628
1.97675	0.358705
2.00026	0.117986
2.00162	-0.0847232
1.98445	-0.25354
1.95185	-0.394262
1.90633	-0.512938
1.84981	-0.61512
1.78369	-0.705593
1.70895	-0.788351
1.62617	-0.8667
1.53566	-0.943399
1.43747	-1.02079
1.33141	-1.10091
1.21713	-1.18556
1.0941	-1.27634
0.961616	-1.3746
0.818892	-1.48134
0.665051	-1.59694
0.499227	-1.7208
0.320685	-1.85074
0.129024	-1.98217
-0.0755406	-2.10717
-0.291802	-2.21377
-0.517148	-2.2859
-0.74721	-2.30496
-0.975779	-2.25354
-1.19519	-2.12088
-1.39726	-1.9082
-1.57464	-1.63052
-1.72204	-1.3134
-1.83697	-0.985686
-1.91967	-0.672133
-1.97243	-0.389055
-1.99875	-0.143828
-2.00248	0.063118
-1.98728	0.235573
-1.95632	0.37923
-1.91219	0.500158
-1.85686	0.603988
-1.7918	0.695596
-1.71801	0.779064
-1.63614	0.857773
-1.54652	0.934536
-1.44922	1.01174
-1.34409	1.09145
-1.23078	1.17549
-1.10879	1.26549
-0.977441	1.36282
-0.835946	1.46854
-0.683436	1.58313
-0.519039	1.70611
-0.341996	1.83553
-0.151856	1.96712
0.0512557	2.09339
0.266268	2.20287
0.490751	2.27991
0.720552	2.30607
0.949664	2.26352
1.17055	2.14046
1.37504	1.93652
1.55559	1.66519
1.70664	1.35114
1.82536	1.02326
1.91169	0.707056
1.96775	0.419918
1.99693	0.170185
2.00308	-0.0410498
1.9899	-0.217221
1.96062	-0.363896
1.9179	-0.487151
1.86378	-0.592693
1.79978	-0.685491
1.72696	-0.769715
1.64601	-0.848821
1.55727	-0.92568
1.46086	-1.00272
1.35665	-1.08204
1.24432	-1.1655
1.12336	-1.25473
0.993132	-1.35116
0.852853	-1.45587
0.701662	-1.56943
0.538681	-1.69151
0.363132	-1.82035
0.174513	-1.952
-0.0271314	-2.07939
-0.240862	-2.19154
-0.464428	-2.27324
-0.693886	-2.30625
-0.923439	-2.27242
-1.1457	-2.15894
-1.35249	-1.96392
-1.53614	-1.69928
-1.6908	-1.3887
-1.81331	-1.06099
-1.90331	-0.742378
-1.96272	-0.45129
-1.99481	-0.197062
-2.00342	0.0185105
-1.9923	0.198474
-1.96474	0.348248
-1.92345	0.473908
-1.87056	0.581228
-1.80765	0.675271
-1.73581	0.760298
-1.65577	0.839839
-1.56793	0.916827
-1.47241	0.993734
-1.36911	1.07269
-1.25774	1.15558
-1.13781	1.24407
-1.00869	1.3396
-0.869614	1.44331
-0.71973	1.55585
-0.558155	1.677
-0.384092	1.80521
-0.196996	1.93683
0.00317013	2.0652
0.21559	2.1798
0.438185	2.26592
0.667223	2.30553
0.897119	2.28024
1.12063	2.17632
1.32962	1.99038
1.5163	1.73276
1.67453	1.42604
1.80082	1.09886
1.89452	0.778078
1.95732	0.483163
1.99238	0.224461
2.00351	0.00450728
1.99448	-0.179323
1.96867	-0.332279
1.92885	-0.46042
1.87722	-0.569587
1.8154	-0.664933
1.74455	-0.750809
1.66543	-0.830824
1.57848	-0.907973
1.48384	-0.984775
1.38146	-1.0634
1.27104	-1.14574
1.15213	-1.2335
1.02411	-1.32816
0.88623	-1.43088
0.737641	-1.54238
0.577462	-1.66258
0.404878	-1.79012
0.219303	-1.92162
0.0206259	-2.05082
-0.190456	-2.16769
-0.412031	-2.25798
-0.640574	-2.30394
-0.870714	-2.28699
-1.09537	-2.19258
-1.30646	-2.01586
-1.49607	-1.76557
-1.65782	-1.46311
-1.7879	-1.13683
-1.88532	-0.814134
-1.95154	-0.515529
-1.98962	-0.252384
-2.00332	-0.0280108
-1.99644	0.159759
-1.97242	0.315978
-1.9341	0.44668
-1.88374	0.557762
-1.82302	0.654468
-1.75317	0.741242
-1.67498	0.821771
-1.58892	0.899115
-1.49518	0.97584
-1.3937	1.05415
-1.28423	1.13597
-1.16633	1.22303
-1.0394	1.31682
-0.902703	1.41856
-0.755398	1.52903
-0.596603	1.64827
-0.425489	1.77508
-0.241434	1.90638
-0.0442548	2.03628
0.165463	2.15523
0.385971	2.24945
0.613948	2.3015
0.844236	2.2927
1.06993	2.20773
1.28301	2.04035
1.47547	1.79767
1.64069	1.49986
1.77453	1.17484
1.8757	0.850523
1.94539	0.548379
1.98654	0.280831
2.00286	0.0520067
1.99818	-0.139772
1.97598	-0.299336
1.93918	-0.432678
1.89012	-0.545746
1.83053	-0.643872
1.76169	-0.731592
1.68443	-0.812676
1.59927	-0.890248
1.50641	-0.966927
1.40584	-1.04495
1.29731	-1.12628
1.18041	-1.21265
1.05456	-1.30559
0.919035	-1.40636
0.773001	-1.5158
0.615579	-1.63406
0.445927	-1.76011
0.263388	-1.89113
0.0677148	-2.0216
-0.140617	-2.14244
-0.360014	-2.24035
-0.587355	-2.29825
-0.817699	-2.29738
-1.04432	-2.22176
-1.25928	-2.06382
-1.4545	-1.82903
-1.62314	-1.53624
-1.76073	-1.21288
-1.86565	-0.887219
-1.93886	-0.5817
-1.98312	-0.309803
-2.00211	-0.0765013
-1.99968	0.119352
-1.97934	0.282344
-1.9441	0.418405
-1.89636	0.53353
-1.83791	0.633137
-1.77009	0.721853
-1.69378	0.803534
-1.60951	0.881371
-1.51754	0.958032
-1.41787	1.03579
-1.31028	1.11665
-1.19438	1.20235
-1.06959	1.29446
-0.935226	1.39427
-0.790452	1.50269
-0.634391	1.61995
-0.466192	1.74521
-0.285166	1.87587
-0.0910043	2.0068
0.11592	2.12935
0.334165	2.23073
0.560804	2.29421
0.791114	2.30106
1.01856	2.23467
1.23529	2.08624
1.43318	1.85961
1.60517	1.57222
1.74649	1.25089
1.85518	0.924195
1.93194	0.61548
1.97937	0.339297
2.00109	0.1015
2.00094	-0.0984926
1.9825	-0.264991
1.94886	-0.403854
1.90245	-0.521109
1.84517	-0.622257
1.77838	-0.712022
1.70301	-0.794342
1.61965	-0.872478
1.52857	-0.949152
1.42979	-1.02668
1.32313	-1.10708
1.20822	-1.19214
1.0845	-1.28344
0.951278	-1.38231
0.807751	-1.4897
0.653041	-1.60596
0.486286	-1.73038
0.306768	-1.86063
0.114122	-1.99189
-0.0913764	-2.11598
-0.30843	-2.2206
-0.534304	-2.2894
-0.764491	-2.30374
-0.992652	-2.24647
-1.21104	-2.1076
-1.4115	-1.88936
-1.58679	-1.60774
-1.7318	-1.28884
-1.84428	-0.961421
-1.92462	-0.649705
-1.97527	-0.369311
-1.99977	-0.127008
-2.00195	0.0771834
-1.98547	0.247269
-1.95344	0.389014
-1.90841	0.508472
-1.8523	0.611226
-1.78655	0.702092
-1.71214	0.785094
-1.62969	0.863566
-1.53949	0.940284
-1.44161	1.01761
-1.33588	1.09758
-1.22194	1.18201
-1.09927	1.27252
-0.967192	1.37045
-0.824902	1.47683
-0.67153	1.59207
-0.506208	1.71563
-0.328194	1.8454
-0.137067	1.97689
0.0669887	2.10236
0.282815	2.20999
0.507864	2.28387
0.737844	2.30546
0.966615	2.25717
1.18656	2.12789
1.38949	1.91825
1.56799	1.64276
1.71668	1.32668
1.83294	0.998867
1.91691	0.684359
1.97083	0.399842
1.99815	0.153031
2.00272	-0.0554164
1.98822	-0.229168
1.95785	-0.373877
1.91421	-0.495614
1.8593	-0.600037
1.79461	-0.692057
1.72117	-0.775787
1.63962	-0.854631
1.55031	-0.931424
1.45332	-1.00857
1.34852	-1.08814
1.23555	-1.17197
1.11393	-1.2617
0.98297	-1.35871
0.841904	-1.46408
0.689859	-1.5783
0.52596	-1.70097
0.349443	-1.83019
0.159838	-1.96181
-0.04276	-2.0885
-0.257326	-2.19893
-0.481492	-2.27764
-0.711182	-2.30624
-0.94046	-2.26677
-1.16184	-2.14708
-1.36715	-1.94625
-1.5488	-1.67724
-1.70112	-1.36436
-1.82118	-1.0365
-1.9088	-0.719424
-1.96603	-0.430885
-1.99622	-0.17957
-2.00323	0.0331835
-1.99076	0.210679
-1.96209	0.358433
-1.91987	0.482524
-1.86618	0.588684
-1.80256	0.681913
-1.73008	0.766414
-1.64945	0.845669
-1.56103	0.922569
-1.46493	0.99956
-1.36104	1.07875
-1.24905	1.162
-1.12845	1.25097
-0.998613	1.34708
-0.858759	1.45144
-0.708029	1.56464
-0.545543	1.6864
-0.370517	1.81502
-0.182434	1.94667
0.0186927	2.07443
0.231966	2.18746
0.455196	2.27074
0.684516	2.3061
0.914201	2.27529
1.13691	2.16517
1.34449	1.97333
1.52921	1.71112
1.68513	1.40185
1.80897	1.07429
1.90027	0.754881
1.96086	0.462434
1.99399	0.206631
2.00348	-0.0104769
1.99309	-0.191791
1.96614	-0.342673
1.92537	-0.469196
1.87292	-0.577158
1.81038	-0.671652
1.73889	-0.756972
1.65918	-0.836676
1.57164	-0.913716
1.47644	-0.990583
1.37346	-1.06942
1.26242	-1.15212
1.14285	-1.24035
1.01412	-1.33557
0.875469	-1.43893
0.726042	-1.5511
0.564959	-1.67192
0.391416	-1.7999
0.204855	-1.93149
0.00521078	-2.06016
-0.206742	-2.17559
-0.428984	-2.2632
-0.657857	-2.30507
-0.887849	-2.28273
-1.11178	-2.18216
-1.32152	-1.99945
-1.50923	-1.74436
-1.66871	-1.4391
-1.79633	-1.11219
-1.89134	-0.790708
-1.95533	-0.494481
-1.99144	-0.234214
-2.00347	-0.0127107
-1.9952	0.172496
-1.97001	0.326589
-1.93071	0.455621
-1.87952	0.565453
-1.81809	0.66127
-1.74759	0.747456
-1.6688	0.827647
-1.58216	0.904861
-1.48784	0.981632
-1.38577	1.06014
-1.27569	1.1423
-1.15713	1.22981
-1.0295	1.32416
-0.892035	1.42654
-0.743899	1.53768
-0.584207	1.65754
-0.41214	1.78483
-0.2271	1.91626
-0.0289483	2.04573
0.181657	2.16335
0.402862	2.25505
0.631214	2.30318
0.861417	2.28912
1.08645	2.19803
1.29825	2.02458
1.48887	1.77693
1.65185	1.47606
1.78325	1.15018
1.88199	0.826885
1.94942	0.527018
1.98857	0.262321
2.00319	0.0363865
1.99708	-0.152784
1.97369	-0.310169
1.9359	-0.441789
1.88599	-0.553561
1.82568	-0.65076
1.75618	-0.73786
1.67831	-0.81858
1.59257	-0.896
1.49914	-0.972705
1.39798	-1.05091
1.28884	-1.13256
1.17129	-1.21937
1.04474	-1.31286
0.908458	-1.41426
0.761601	-1.52437
0.60329	-1.64326
0.432691	-1.76981
0.249169	-1.90102
0.052518	-2.03114
-0.156715	-2.15077
-0.376838	-2.24632
-0.604599	-2.30045
-0.834917	-2.29446
-1.06095	-2.21278
-1.2747	-2.04872
-1.46814	-1.80878
-1.63457	-1.51269
-1.76973	-1.18821
-1.87221	-0.863384
-1.94314	-0.560034
-1.98538	-0.290952
-2.00263	-0.060557
-1.99873	0.132646
-1.97718	0.293405
-1.94093	0.427693
-1.89232	0.541476
-1.83314	0.640115
-1.76465	0.72818
-1.68773	0.809469
-1.60288	0.88713
-1.51033	0.963799
-1.41008	1.04173
-1.30188	1.12288
-1.18533	1.20902
-1.05986	1.30167
-0.92474	1.4021
-0.77915	1.51118
-0.622208	1.62909
-0.453068	1.75486
-0.271061	1.88577
-0.0759183	2.01641
0.131921	2.13787
0.350918	2.23703
0.57802	2.29692
0.808362	2.29879
1.03529	2.22642
1.25088	2.07182
1.44705	1.83987
1.61687	1.54894
1.75577	1.22624
1.86202	0.900182
1.93647	0.593518
1.98184	0.320107
2.00179	0.0852282
2.00015	-0.112073
1.98047	-0.276287
1.94579	-0.413324
1.89851	-0.529189
1.84048	-0.62933
1.77302	-0.71841
1.69703	-0.80031
1.61308	-0.878248
1.52143	-0.95491
1.42207	-1.03259
1.31481	-1.11328
1.19925	-1.19875
1.07485	-1.29058
0.940882	-1.39006
0.796548	-1.49811
0.640963	-1.61502
0.473273	-1.73999
0.292777	-1.87051
0.0991475	-2.00157
-0.107278	-2.12468
-0.325108	-2.22722
-0.551486	-2.2926
-0.781762	-2.30211
-1.00947	-2.23894
-1.2268	-2.09387
-1.4256	-1.87016
-1.59876	-1.58476
-1.74138	-1.26424
-1.8514	-0.937249
-1.92941	-0.627457
-1.97797	-0.349785
-2.00066	-0.110406
-2.00132	0.0910561
-1.98357	0.258806
-1.95049	0.398672
-1.90456	0.516693
-1.84769	0.618399
-1.78127	0.708544
-1.70623	0.791099
-1.62319	0.869348
-1.53242	0.946034
-1.43396	1.02349
-1.32763	1.10373
-1.21306	1.18857
-1.0897	1.27959
-0.956886	1.37813
-0.813795	1.48516
-0.659556	1.60106
-0.493306	1.72519
-0.314317	1.85527
-0.122205	1.98663
0.0827886	2.11122
0.299415	2.21692
0.525006	2.28754
0.75513	2.30445
0.983517	2.25036
1.20247	2.11485
1.40381	1.89961
1.58023	1.62011
1.72654	1.30215
1.84034	0.974556
1.92196	0.661834
1.97375	0.379981
1.99923	0.136094
2.00225	-0.069587
1.98646	-0.240952
1.95501	-0.383729
1.91046	-0.50398
1.85478	-0.607313
1.7894	-0.698578
1.71533	-0.781831
1.63319	-0.860429
1.5433	-0.937169
1.44574	-1.01443
1.34033	-1.09425
1.22674	-1.17848
1.10444	-1.2687
0.972752	-1.36631
0.830893	-1.47233
0.677989	-1.58722
0.513168	-1.71047
0.335681	-1.84005
0.145088	-1.9716
-0.0584564	-2.09751
-0.273844	-2.20615
-0.498589	-2.28176
-0.728476	-2.30584
-0.957437	-2.26067
-1.1779	-2.13476
-1.38168	-1.92819
-1.56129	-1.65494
-1.71126	-1.33994
-1.82886	-1.01207
-1.91411	-0.696635
-1.96918	-0.410692
-1.99751	-0.162298
-2.00293	0.0476572
-1.98914	0.222716
-1.95936	0.368485
-1.91621	0.491041
-1.86173	0.596067
-1.79742	0.688505
-1.72431	0.772501
-1.64309	0.851485
-1.55409	0.928312
-1.45741	1.0054
-1.35293	1.08483
-1.24031	1.16846
-1.11904	1.25792
-0.988483	1.35461
-0.847843	1.45962
-0.696262	1.57349
-0.532861	1.69584
-0.356869	1.82486
-0.167798	1.9565
0.0342841	2.08358
0.248399	2.19495
0.472243	2.27529
0.701811	2.30629
0.931244	2.26989
1.1531	2.15357
1.35922	1.95587
1.54196	1.68921
1.69555	1.37756
1.81694	1.04976
1.90585	0.73184
1.96425	0.441914
1.99548	0.18902
2.00335	-0.0252587
1.99161	-0.204088
1.96353	-0.352932
1.92182	-0.477869
1.86856	-0.584653
1.80532	-0.678321
1.73319	-0.763104
1.65288	-0.842512
1.56477	-0.919458
1.46899	-0.996402
1.36542	-1.07547
1.25376	-1.15852
1.13353	-1.24723
1.00408	-1.34302
0.864647	-1.44703
0.714376	-1.55987
0.552385	-1.6813
0.377881	-1.8097
0.190333	-1.94134
-0.0102742	-2.06944
-0.223087	-2.18333
-0.445975	-2.26816
-0.675146	-2.30584
-0.90495	-2.27803
-1.1281	-2.17127
-1.33645	-1.98261
-1.52223	-1.72287
-1.67941	-1.41497
-1.80458	-1.0876
-1.89718	-0.767429
-1.95896	-0.473639
-1.99313	-0.216264
-2.00351	0.00238394
-1.99386	0.185058
-1.96752	0.337059
-1.92726	0.464454
-1.87525	0.573065
-1.81311	0.668018
-1.74196	0.753637
-1.66257	0.833507
-1.57535	0.910605
-1.48046	0.987435
-1.3778	1.06615
-1.2671	1.14866
-1.14789	1.23663
-1.01954	1.33155
-0.881307	1.43456
-0.732334	1.54637
-0.571742	1.66686
-0.398719	1.7946
-0.212692	1.92614
-0.0135712	2.05511
0.197911	2.17133
0.419794	2.2604
0.648492	2.3045
0.878569	2.2851
1.1029	2.18786
1.31338	2.00839
1.50212	1.75589
1.66283	1.45212
1.79179	1.12554
1.8881	0.803382
1.9533	0.505859
1.99047	0.244031
2.0034	0.0209745
1.99589	-0.165617
1.97132	-0.320857
1.93256	-0.45079
1.88181	-0.561296
1.82077	-0.657592
1.75062	-0.744093
1.67215	-0.824466
1.58583	-0.901748
1.49182	-0.978493
1.39007	-1.05689
1.28032	-1.13887
1.16212	-1.22613
1.03487	-1.32018
0.897822	-1.42221
0.750137	-1.53299
0.590932	-1.65251
0.419382	-1.77954
0.234875	-1.91091
0.03725	-2.04062
-0.172876	-2.15897
-0.393706	-2.25204
-0.621858	-2.30231
-0.852112	-2.29111
-1.07751	-2.20334
-1.29001	-2.03318
-1.48163	-1.78821
-1.64583	-1.48897
-1.77855	-1.16354
-1.8786	-0.839675
-1.94726	-0.538566
-1.98749	-0.272322
-2.00302	-0.0448234
-1.99769	0.145756
-1.97494	0.304318
-1.93769	0.436867
-1.88823	0.549337
-1.82831	0.647035
-1.75917	0.734468
-1.68163	0.815384
-1.5962	0.892885
-1.50308	0.969574
-1.40224	1.04768
-1.29344	1.12915
-1.17624	1.21572
-1.05007	1.30891
-0.914196	1.40997
-0.767785	1.51972
-0.609957	1.63827
-0.439871	1.76455
-0.256882	1.89566
-0.0607603	2.02598
0.147986	2.14627
0.367717	2.24311
0.595254	2.2993
0.825592	2.2961
1.05195	2.2177
1.26636	2.05695
1.46077	1.81979
1.6284	1.52547
1.76488	1.20158
1.86868	0.876283
1.94084	0.571748
1.98417	0.301138
2.00236	0.0691692
1.99925	-0.125467
1.97836	-0.287431
1.94266	-0.422676
1.89452	-0.537182
1.83573	-0.636342
1.7676	-0.724757
1.69101	-0.806256
1.60648	-0.884011
1.51424	-0.960674
1.4143	-1.03851
1.30644	-1.1195
1.19024	-1.2054
1.06514	-1.29776
0.930429	-1.39785
0.785281	-1.50658
0.628818	-1.62413
0.460188	-1.74963
0.278712	-1.88041
0.0841006	-2.01121
-0.123244	-2.13327
-0.341836	-2.23364
-0.56869	-2.29549
-0.799019	-2.30007
-1.02623	-2.23095
-1.24245	-2.07969
-1.43955	-1.8506
-1.61055	-1.56158
-1.75076	-1.2396
-1.85833	-0.913178
-1.93404	-0.605393
-1.98052	-0.330477
-2.00142	-0.0940176
-2.00059	0.104739
-1.98159	0.270186
-1.94746	0.408208
-1.90066	0.524822
-1.84303	0.625506
-1.77593	0.714954
-1.70028	0.797079
-1.61665	0.875123
-1.5253	0.951789
-1.42626	1.02938
-1.31932	1.10992
-1.20412	1.19517
-1.08008	1.2867
-0.946522	1.38585
-0.802626	1.49355
-0.647515	1.6101
-0.480332	1.73478
-0.300366	1.86516
-0.10727	1.99633
0.0986545	2.11998
0.316066	2.22366
0.542174	2.29091
0.772407	2.30304
1.00037	2.24308
1.21828	2.10137
1.41798	1.8806
1.59229	1.59724
1.73621	1.27757
1.84756	0.950333
1.92684	0.639488
1.97653	0.360337
2.00019	0.119374
2.00167	-0.0835638
1.98461	-0.252575
1.9521	-0.393455
1.90665	-0.512251
1.8502	-0.614521
1.78414	-0.705054
1.70944	-0.787849
1.62671	-0.866217
1.53625	-0.942918
1.43811	-1.0203
1.3321	-1.1004
1.21788	-1.18502
1.0949	-1.27575
0.962477	-1.37396
0.81982	-1.48064
0.666052	-1.59619
0.500305	-1.72001
0.321844	-1.84992
0.130266	-1.98136
-0.0742202	-2.10643
-0.290415	-2.21319
-0.515716	-2.28559
-0.745765	-2.30505
-0.974366	-2.25411
-1.19386	-2.12197
-1.39607	-1.90976
-1.57362	-1.63241
-1.72122	-1.31545
-1.83636	-0.987717
-1.91925	-0.674016
-1.97219	-0.390715
-1.99866	-0.145243
-2.00252	0.0619337
-1.98742	0.234588
-1.95656	0.378407
-1.9125	0.499459
-1.85724	0.60338
-1.79223	0.695051
-1.7185	0.778559
-1.63668	0.857289
-1.5471	0.934056
-1.44985	1.01125
-1.34477	1.09094
-1.23152	1.17495
-1.10958	1.2649
-0.978295	1.36219
-0.836866	1.46785
-0.684428	1.58238
-0.520108	1.70532
-0.343146	1.83471
-0.153088	1.9663
0.0499439	2.09264
0.264888	2.20226
0.489323	2.27957
0.719106	2.3061
0.948245	2.26403
1.16921	2.14149
1.37382	1.93802
1.55454	1.66705
1.70579	1.35318
1.82472	1.0253
1.91125	0.708961
1.96749	0.421606
1.99683	0.171629
2.00311	-0.0398402
1.99003	-0.216215
1.96085	-0.363055
1.9182	-0.486439
1.86415	-0.592076
1.80021	-0.68494
1.72745	-0.769207
1.64654	-0.848335
1.55785	-0.9252
1.46149	-1.00223
1.35733	-1.08153
1.24505	-1.16496
1.12415	-1.25415
0.993978	-1.35053
0.853765	-1.45519
0.702645	-1.56869
0.539741	-1.69072
0.364272	-1.81953
0.175737	-1.95118
-0.0258284	-2.07863
-0.239489	-2.19091
-0.463003	-2.27286
-0.692441	-2.30623
-0.922015	-2.27287
-1.14434	-2.15991
-1.35125	-1.96538
-1.53507	-1.70111
-1.68993	-1.39073
-1.81264	-1.06304
-1.90285	-0.744303
-1.96243	-0.453005
-1.99469	-0.198534
-2.00344	0.0172752
-1.99242	0.197447
-1.96495	0.347391
-1.92375	0.473183
-1.87093	0.580602
-1.80807	0.674714
-1.73629	0.759786
-1.6563	0.839352
-1.5685	0.916347
-1.47303	0.993248
-1.36978	1.07219
-1.25846	1.15505
-1.13859	1.24349
-1.00953	1.33898
-0.870518	1.44264
-0.720705	1.55511
-0.559206	1.67621
-0.385223	1.80439
-0.19821	1.936
0.001876	2.06442
0.214224	2.17916
0.436765	2.26551
0.665778	2.30547
0.895689	2.28063
1.11927	2.17723
1.32838	1.99178
1.51521	1.73455
1.67363	1.42806
1.80013	1.10092
1.89404	0.780023
1.95701	0.484905
1.99223	0.225961
2.0035	0.00576878
1.9946	-0.178274
1.96888	-0.331404
1.92914	-0.459682
1.87757	-0.568951
1.81581	-0.664369
1.74502	-0.750292
1.66595	-0.830334
1.57904	-0.907493
1.48446	-0.98429
1.38213	-1.06289
1.27176	-1.14521
1.1529	-1.23293
1.02494	-1.32754
0.887127	-1.43021
0.738608	-1.54165
0.578504	-1.6618
0.405999	-1.7893
0.220507	-1.92079
0.021911	-2.05003
-0.189097	-2.16702
-0.410616	-2.25753
-0.63913	-2.30383
-0.86928	-2.28733
-1.094	-2.19343
-1.3052	-2.01722
-1.49496	-1.76733
-1.65691	-1.46511
-1.78719	-1.13889
-1.88481	-0.816098
-1.95122	-0.517298
-1.98946	-0.253913
-2.0033	-0.0292988
-1.99654	0.158686
-1.97262	0.315084
-1.93438	0.445927
-1.88408	0.557115
-1.82343	0.653897
-1.75364	0.740721
-1.6755	0.821279
-1.58949	0.898634
-1.49579	0.975356
-1.39436	1.05365
-1.28494	1.13545
-1.1671	1.22246
-1.04023	1.31621
-0.903592	1.4179
-0.756356	1.52831
-0.597636	1.6475
-0.426601	1.77427
-0.242628	1.90555
-0.0455308	2.03549
0.164113	2.15454
0.384562	2.24897
0.612506	2.30135
0.842799	2.29298
1.06855	2.20852
1.28173	2.04165
1.47434	1.79939
1.63975	1.50184
1.7738	1.17691
1.87516	0.852505
1.94505	0.550173
1.98636	0.282388
2.00282	0.0533216
1.99826	-0.138676
1.97616	-0.298424
1.93945	-0.431911
1.89046	-0.545089
1.83093	-0.643293
1.76214	-0.731066
1.68494	-0.812182
1.59983	-0.889768
1.50702	-0.966444
1.40649	-1.04445
1.29802	-1.12575
1.18117	-1.21209
1.05538	-1.30498
0.919916	-1.4057
0.773951	-1.51509
0.616603	-1.63329
0.44703	-1.7593
0.264573	-1.8903
0.0689816	-2.0208
-0.139274	-2.14174
-0.35861	-2.23985
-0.585915	-2.29805
-0.816259	-2.29761
-1.04293	-2.22248
-1.25799	-2.06506
-1.45336	-1.83071
-1.62218	-1.53821
-1.75997	-1.21494
-1.86509	-0.889216
-1.93849	-0.583519
-1.98293	-0.311388
-2.00207	-0.0778434
-1.99975	0.118233
-1.97952	0.281412
-1.94437	0.417624
-1.89669	0.532862
-1.83831	0.632551
-1.77054	0.721323
-1.69428	0.803037
-1.61006	0.880889
-1.51814	0.95755
-1.41852	1.0353
-1.31098	1.11613
-1.19513	1.20179
-1.07041	1.29386
-0.9361	1.39362
-0.791393	1.50198
-0.635406	1.61919
-0.467286	1.7444
-0.286342	1.87505
-0.0922618	2.00599
0.114586	2.12863
0.332767	2.23019
0.559366	2.29397
0.789671	2.30123
1.01716	2.23534
1.23398	2.08743
1.43201	1.86124
1.60418	1.57416
1.7457	1.25295
1.8546	0.926206
1.93155	0.617324
1.97916	0.34091
2.00102	0.10287
2.001	-0.0973491
1.98267	-0.26404
1.94911	-0.403057
1.90278	-0.520429
1.84556	-0.621663
1.77883	-0.711486
1.70351	-0.793842
1.6202	-0.871995
1.52916	-0.948671
1.43043	-1.02619
1.32383	-1.10656
1.20897	-1.19159
1.0853	-1.28284
0.952144	-1.38166
0.808685	-1.489
0.654048	-1.6052
0.48737	-1.72958
0.307934	-1.8598
0.11537	-1.99108
-0.0900504	-2.11525
-0.307039	-2.22003
-0.53287	-2.28912
-0.763048	-2.30386
-0.991244	-2.24708
-1.20972	-2.10873
-1.41032	-1.89095
-1.58578	-1.60965
-1.73099	-1.29089
-1.84367	-0.963446
-1.92422	-0.651572
-1.97504	-0.370953
-1.99968	-0.128406
-2.002	0.0760153
-1.98562	0.246298
-1.95368	0.388201
-1.90872	0.507781
-1.85268	0.610624
-1.78699	0.701551
-1.71264	0.784591
-1.63023	0.863082
-1.54008	0.939803
-1.44225	1.01711
-1.33657	1.09707
-1.22268	1.18147
-1.10007	1.27193
-0.968051	1.36981
-0.825827	1.47613
-0.672527	1.59132
-0.507283	1.71483
-0.32935	1.84457
-0.138306	1.97607
0.0656713	2.10161
0.28143	2.2094
0.506433	2.28355
0.736399	2.30552
0.9652	2.25772
1.18522	2.12896
1.38829	1.91979
1.56696	1.64465
1.71585	1.32872
1.83232	1.0009
1.91648	0.686249
1.97058	0.401512
1.99805	0.154456
2.00275	-0.0542233
1.98836	-0.228176
1.95809	-0.373048
1.91452	-0.49491
1.85968	-0.599426
1.79505	-0.69151
1.72165	-0.77528
1.64015	-0.854145
1.55089	-0.930944
1.45395	-1.00808
1.3492	-1.08763
1.23629	-1.17143
1.11472	-1.26111
0.983822	-1.35808
0.842821	-1.46339
0.690848	-1.57756
0.527026	-1.70018
0.35059	-1.82937
0.161067	-1.96099
-0.0414512	-2.08774
-0.255948	-2.19832
-0.480065	-2.27729
-0.709736	-2.30625
-0.939039	-2.26726
-1.1605	-2.14809
-1.36593	-1.94774
-1.54775	-1.67909
-1.70027	-1.3664
-1.82053	-1.03855
-1.90834	-0.721336
-1.96575	-0.432582
-1.99611	-0.181024
-2.00325	0.0319649
-1.9909	0.209665
-1.96231	0.357587
-1.92017	0.481808
-1.86655	0.588063
-1.80299	0.68136
-1.73056	0.765904
-1.64998	0.845182
-1.56161	0.922089
-1.46556	0.999072
-1.36172	1.07824
-1.24977	1.16147
-1.12924	1.25039
-0.999457	1.34646
-0.859668	1.45076
-0.709009	1.56391
-0.5466	1.68561
-0.371655	1.8142
-0.183654	1.94585
0.0173928	2.07366
0.230595	2.18682
0.453773	2.27035
0.68307	2.30606
0.912774	2.27572
1.13555	2.16612
1.34325	1.97477
1.52814	1.71294
1.68425	1.40388
1.8083	1.07634
1.8998	0.756813
1.96057	0.464158
1.99386	0.208112
2.00349	-0.00923244
1.99321	-0.190756
1.96635	-0.34181
1.92566	-0.468467
1.87328	-0.576528
1.8108	-0.671093
