-0.1	-0.1
-0.109498	-0.0949818
-0.118375	-0.0887683
-0.126511	-0.0813645
-0.13379	-0.0727885
-0.140097	-0.063071
-0.145323	-0.0522558
-0.149363	-0.0404
-0.15212	-0.0275731
-0.153506	-0.0138569
-0.153441	0.000654762
-0.151855	0.0158571
-0.148691	0.0316349
-0.143905	0.0478627
-0.137464	0.0644062
-0.129352	0.0811224
-0.119566	0.0978604
-0.10812	0.114462
-0.0950438	0.130762
-0.080385	0.146588
-0.0642085	0.161765
-0.0465976	0.176109
-0.0276542	0.189435
-0.00749876	0.201554
0.013729	0.212277
0.0358707	0.221417
0.0587494	0.228787
0.0821705	0.234211
0.105923	0.237521
0.129779	0.238561
0.153498	0.237197
0.17683	0.233314
0.199512	0.226824
0.221279	0.217668
0.241861	0.205818
0.260989	0.191283
0.2784	0.174104
0.293835	0.154359
0.307051	0.132159
0.317816	0.107645
0.325915	0.0809884
0.331153	0.052382
0.333357	0.0220397
0.332376	-0.00980928
0.328084	-0.0429234
0.320378	-0.077052
0.309185	-0.111937
0.294453	-0.147315
0.276162	-0.182914
0.254316	-0.218453
0.228952	-0.25364
0.200136	-0.288167
0.167965	-0.321703
0.132576	-0.353893
0.0941409	-0.384352
0.0528749	-0.41266
0.00903838	-0.438365
-0.0370597	-0.460981
-0.0850592	-0.479995
-0.134548	-0.494883
-0.185059	-0.505118
-0.236079	-0.510196
-0.287045	-0.509663
-0.337359	-0.503136
-0.386393	-0.490338
-0.433504	-0.471116
-0.478051	-0.445464
-0.519403	-0.413524
-0.556962	-0.375592
-0.590172	-0.332095
-0.618529	-0.283575
-0.641594	-0.23065
-0.658993	-0.173984
-0.670417	-0.114247
-0.675626	-0.0520867
-0.674436	0.0119008
-0.666717	0.0771874
-0.652385	0.143323
-0.631391	0.209936
-0.603719	0.276725
-0.568971	0.34748
-0.527164	0.418067
-0.478339	0.488251
-0.422563	0.557759
-0.35994	0.626226
-0.290626	0.693141
-0.214848	0.757782
-0.132932	0.819161
-0.0453349	0.875972
0.0473215	0.926564
0.144218	0.96896
0.24431	1.00093
0.346324	1.02014
0.448761	1.02437
0.549941	1.0118
0.648067	0.981258
0.741316	0.932495
0.827942	0.866256
0.906368	0.784264
0.975271	0.689033
1.03363	0.583578
1.08074	0.47108
1.11619	0.354569
1.13986	0.236683
1.15181	0.119516
1.15227	0.0045592
1.14154	-0.107284
1.11998	-0.215634
1.08792	-0.320542
1.04568	-0.422392
0.993504	-0.521801
0.931552	-0.619526
0.859915	-0.716374
0.778604	-0.813104
0.687572	-0.910319
0.586739	-1.00833
0.476042	-1.10698
0.355501	-1.2054
0.225322	-1.3018
0.0860084	-1.39313
-0.0614888	-1.47497
-0.215639	-1.5415
-0.374229	-1.5859
-0.534349	-1.6012
-0.692501	-1.58152
-0.844847	-1.52346
-0.987561	-1.42715
-1.11721	-1.2965
-1.23107	-1.13858
-1.3273	-0.96231
-1.40499	-0.776871
-1.46403	-0.590436
-1.50497	-0.409349
-1.52875	-0.237865
-1.53658	-0.0782774
-1.52971	0.0687217
-1.50935	0.203614
-1.47658	0.327661
-1.43232	0.44258
-1.37729	0.550319
-1.312	0.652898
-1.23677	0.752314
-1.15172	0.850474
-1.05681	0.949147
-0.951818	1.0499
-0.83642	1.15398
-0.710203	1.26217
-0.572754	1.3745
-0.423766	1.48987
-0.263211	1.60555
-0.0915504	1.7166
0.0900005	1.81551
0.279225	1.89225
0.47275	1.93525
0.666092	1.93342
0.853981	1.87889
1.03094	1.76954
1.19195	1.61016
1.3331	1.41152
1.45189	1.18787
1.54728	0.953886
1.6195	0.722161
1.66969	0.501894
1.69955	0.298632
1.71103	0.114767
1.70606	-0.0496623
1.68644	-0.19615
1.65374	-0.327057
1.60923	-0.44513
1.55391	-0.553194
1.48851	-0.653989
1.4135	-0.750082
1.32911	-0.843845
1.23537	-0.937451
1.13208	-1.03287
1.0189	-1.13182
0.895331	-1.2357
0.76079	-1.34541
0.614684	-1.46106
0.456536	-1.58148
0.286172	-1.70364
0.103979	-1.82193
-0.0887878	-1.92767
-0.289702	-2.00914
-0.494981	-2.05279
-0.699563	-2.04581
-0.897519	-1.97956
-1.08278	-1.85259
-1.24995	-1.67169
-1.39499	-1.45039
-1.51554	-1.20557
-1.61092	-0.953748
-1.68176	-0.708419
-1.72964	-0.478797
-1.75663	-0.269901
-1.76496	-0.083346
-1.7568	0.081629
-1.73408	0.227222
-1.69844	0.35635
-1.65123	0.47217
-1.59345	0.577794
-1.52583	0.676149
-1.44884	0.769923
-1.36268	0.861564
-1.26735	0.953297
-1.16264	1.04713
-1.04816	1.14482
-0.923376	1.24784
-0.78766	1.35715
-0.640364	1.47296
-0.480941	1.59423
-0.309134	1.71807
-0.125239	1.83895
0.069579	1.94818
0.272962	2.03383
0.481148	2.08186
0.689026	2.07878
0.890542	2.01516
1.07944	1.88897
1.25012	1.70683
1.39837	1.48253
1.52173	1.23353
1.61943	0.977023
1.69214	0.727086
1.74147	0.493333
1.76957	0.280991
1.77874	0.0917299
1.77122	-0.0752517
1.74899	-0.222241
1.71377	-0.352257
1.66691	-0.468556
1.60948	-0.574334
1.54222	-0.672583
1.46562	-0.766044
1.3799	-0.857205
1.28506	-0.94832
1.18092	-1.04142
1.06709	-1.13832
0.94304	-1.24051
0.808136	-1.34904
0.661713	-1.46423
0.50319	-1.58523
0.332253	-1.70937
0.149105	-1.83147
-0.04521	-1.94315
-0.248482	-2.03272
-0.4571	-2.08617
-0.666061	-2.08961
-0.869349	-2.03288
-1.06064	-1.91294
-1.2342	-1.73555
-1.38559	-1.51396
-1.51215	-1.26558
-1.61295	-1.00798
-1.68853	-0.755755
-1.74043	-0.51908
-1.7708	-0.303643
-1.78194	-0.111432
-1.77612	0.0581664
-1.75539	0.207351
-1.72148	0.339123
-1.6758	0.456753
-1.61945	0.563473
-1.55322	0.662317
-1.47762	0.756063
-1.39289	0.847233
-1.29908	0.93811
-1.19601	1.03076
-1.08331	1.12701
-0.960463	1.22842
-0.826853	1.3361
-0.681804	1.45049
-0.524713	1.57091
-0.355216	1.69497
-0.173432	1.81784
0.0197228	1.93155
0.222201	2.02479
0.430571	2.0837
0.639987	2.09416
0.844516	2.0453
1.03782	1.93304
1.21403	1.76205
1.36851	1.54483
1.49836	1.29852
1.60245	1.04091
1.68116	0.787111
1.73595	0.54789
1.7689	0.329468
1.78232	0.134236
1.77851	-0.0381627
1.75953	-0.189785
1.72717	-0.323573
1.68289	-0.44279
1.62782	-0.550691
1.56279	-0.650341
1.48833	-0.744555
1.40474	-0.835887
1.31208	-0.92665
1.21019	-1.01894
1.09872	-1.11461
0.977197	-1.21527
0.844988	-1.3221
0.701425	-1.43563
0.545887	-1.55537
0.377967	-1.6792
0.197705	-1.80262
0.00589347	-1.91812
-0.195583	-2.01477
-0.403479	-2.07895
-0.613119	-2.0964
-0.818677	-2.05559
-1.01382	-1.95141
-1.19256	-1.78738
-1.35007	-1.57515
-1.48322	-1.3315
-1.59066	-1.07435
-1.67258	-0.819292
-1.73035	-0.577702
-1.76599	-0.356359
-1.7818	-0.158085
-1.78008	0.0171835
-1.76295	0.171339
-1.73222	0.307248
-1.68941	0.428157
-1.63567	0.537335
-1.57189	0.63788
-1.49862	0.732639
-1.4162	0.8242
-1.32471	0.914908
-1.22402	1.00688
-1.11382	1.10202
-0.993626	1.20195
-0.862834	1.30792
-0.720775	1.42059
-0.566814	1.53961
-0.400504	1.6631
-0.22181	1.78694
-0.031409	1.90401
0.168975	2.00384
0.376283	2.07307
0.586016	2.09733
0.792469	2.06453
0.989326	1.96856
1.1705	1.81178
1.331	1.60491
1.46742	1.3643
1.57822	1.10793
1.6634	0.851841
1.7242	0.608015
1.76258	0.383802
1.78083	0.182483
1.78126	0.00430387
1.76602	-0.152445
1.73696	-0.290541
1.69564	-0.41321
1.64327	-0.52373
1.58075	-0.625227
1.50869	-0.720583
1.42745	-0.81242
1.33713	-0.903112
1.23765	-0.994807
1.12871	-1.08943
1.00985	-1.18866
0.880466	-1.2938
0.739907	-1.40559
0.587523	-1.52385
0.422829	-1.64694
0.245722	-1.77107
0.0567682	-1.88954
-0.142464	-1.99232
-0.349098	-2.06634
-0.55882	-2.09722
-0.766054	-2.07234
-0.964517	-1.98463
-1.14805	-1.83531
-1.31146	-1.6341
-1.45114	-1.39684
-1.56529	-1.14153
-1.65376	-0.884634
-1.71763	-0.638701
-1.7588	-0.411675
-1.77953	-0.207313
-1.78215	-0.0261908
-1.76883	0.133201
-1.74147	0.273544
-1.70167	0.39803
-1.65067	0.509947
-1.58943	0.612447
-1.51858	0.708447
-1.43852	0.800602
-1.34939	0.891316
-1.25112	0.982766
-1.14342	1.07691
-1.02588	1.17545
-0.897903	1.27977
-0.758835	1.39068
-0.60802	1.50815
-0.444942	1.63078
-0.269434	1.75508
-0.081955	1.87479
0.116074	1.98029
0.32196	2.05886
0.531574	2.09613
0.739479	2.07905
0.939443	1.99964
1.12524	1.85794
1.2915	1.66267
1.43441	1.42908
1.55192	1.17513
1.64369	0.917627
1.71066	0.669721
1.75465	0.439944
1.77791	0.232547
1.78275	0.0484552
1.77139	-0.113627
1.74576	-0.256271
1.7075	-0.382631
1.6579	-0.495999
1.59795	-0.599552
1.52832	-0.696242
1.44945	-0.788755
1.36149	-0.879529
1.26442	-0.970768
1.15797	-1.06446
1.04174	-1.16234
0.915151	-1.26585
0.777563	-1.37588
0.628308	-1.49255
0.466844	-1.61465
0.292942	-1.73902
0.106963	-1.85979
-0.0898179	-1.9678
-0.294886	-2.05068
-0.504298	-2.09412
-0.712768	-2.0847
-0.914125	-2.01357
-1.10209	-1.87965
-1.27115	-1.69058
-1.41725	-1.46098
-1.53811	-1.20867
-1.63319	-0.95079
-1.7033	-0.701055
-1.75016	-0.468598
-1.77598	-0.25818
-1.78309	-0.0710952
-1.77371	0.0937212
-1.74984	0.23872
-1.71314	0.367011
-1.66495	0.481884
-1.6063	0.586541
-1.5379	0.683965
-1.46021	0.776878
-1.37344	0.867748
-1.27756	0.95881
-1.17235	1.05208
-1.05742	1.14933
-0.932213	1.25204
-0.796094	1.36119
-0.64839	1.47703
-0.488535	1.59856
-0.316245	1.7229
-0.131786	1.84459
0.0637035	1.95489
0.267886	2.04183
0.477007	2.09121
0.685936	2.08929
0.88858	2.02644
1.07862	1.90042
1.2504	1.71781
1.39965	1.4925
1.52386	1.24212
1.62227	0.984097
1.69554	0.732688
1.74531	0.49763
1.77373	0.284211
1.78314	0.0941138
1.77579	-0.0734796
1.7537	-0.220887
1.71859	-0.351164
1.67183	-0.467596
1.61449	-0.573407
1.54732	-0.671612
1.47083	-0.764967
1.38523	-0.855971
1.29054	-0.946889
1.18656	-1.03976
1.07292	-1.13641
0.94909	-1.23834
0.814428	-1.34662
0.668266	-1.46162
0.510015	-1.58252
0.339341	-1.70674
0.156421	-1.82919
-0.037738	-1.94159
-0.240972	-2.03234
-0.449714	-2.08742
-0.658998	-2.09285
-0.86282	-2.03822
-1.05484	-1.92023
-1.22927	-1.74432
-1.38163	-1.52359
-1.50918	-1.27544
-1.61093	-1.01752
-1.68739	-0.764603
-1.74009	-0.527033
-1.77116	-0.31064
-1.78291	-0.117515
-1.77762	0.0528958
-1.75734	0.202764
-1.72383	0.335083
-1.67852	0.453129
-1.62251	0.560145
-1.55659	0.659177
-1.48129	0.753016
-1.39687	0.844193
-1.30337	0.935002
-1.20062	1.02751
-1.08826	1.12358
-0.965785	1.22475
-0.832568	1.33217
-0.687938	1.4463
-0.531284	1.56654
-0.362229	1.69056
-0.180865	1.81363
0.0119278	1.92793
0.214152	2.02225
0.422431	2.08279
0.631969	2.09537
0.83686	2.04892
1.03076	1.93904
1.20777	1.77005
1.36319	1.55422
1.49405	1.30861
1.59916	1.05104
1.67884	0.796784
1.73451	0.556798
1.76826	0.337465
1.78239	0.141302
1.7792	-0.0319639
1.76076	-0.184344
1.72888	-0.318761
1.68504	-0.438476
1.63036	-0.546749
1.5657	-0.646655
1.49159	-0.74102
1.40835	-0.832409
1.31604	-0.923144
1.21451	-1.01533
1.10342	-1.11083
0.982298	-1.21126
0.850515	-1.31782
0.707406	-1.4311
0.552343	-1.55062
0.384907	-1.67436
0.205114	-1.79793
0.0137211	-1.91393
-0.187438	-2.01159
-0.395172	-2.07734
-0.604861	-2.09689
-0.810714	-2.05853
-1.0064	-1.95684
-1.1859	-1.79499
-1.34433	-1.58435
-1.47849	-1.34158
-1.58695	-1.08462
-1.66987	-0.829213
-1.72857	-0.586918
-1.76503	-0.364686
-1.78158	-0.165478
-1.78051	0.0106779
-1.76395	0.16562
-1.73373	0.302191
-1.69137	0.42363
-1.63805	0.533211
-1.57464	0.634039
-1.50175	0.728974
-1.41969	0.820614
-1.32856	0.911311
-1.22824	1.00319
-1.11842	1.09817
-0.998631	1.19788
-0.868271	1.3036
-0.726672	1.416
-0.573193	1.53479
-0.407377	1.65816
-0.229166	1.78211
-0.0392031	1.89963
0.160836	2.00039
0.367947	2.07111
0.57769	2.09742
0.784396	2.06706
0.981758	1.97362
1.16367	1.8191
1.32506	1.61393
1.46249	1.37431
1.57432	1.11823
1.6605	0.86187
1.72224	0.617383
1.76147	0.3923
1.78047	0.190046
1.78157	0.0109679
1.76691	-0.146586
1.73838	-0.285365
1.69752	-0.408584
1.64557	-0.519526
1.58343	-0.621325
1.51175	-0.716873
1.43087	-0.808803
1.34092	-0.899498
1.2418	-0.991113
1.13325	-1.08559
1.01479	-1.1846
0.885837	-1.28948
0.745737	-1.40101
0.593834	-1.51903
0.429635	-1.64198
0.253018	-1.76618
0.064513	-1.88505
-0.134356	-1.98869
-0.340769	-2.06413
-0.550468	-2.09699
-0.757919	-2.07452
-0.956855	-1.98935
-1.14109	-1.84235
-1.30538	-1.64293
-1.44606	-1.40676
-1.56124	-1.15184
-1.65072	-0.894734
-1.71553	-0.648181
-1.75756	-0.420304
-1.77907	-0.215009
-1.78236	-0.0329789
-1.76964	0.127233
-1.74281	0.268276
-1.70348	0.393331
-1.65291	0.505687
-1.59206	0.608505
-1.52159	0.704712
-1.44189	0.796972
-1.35312	0.8877
-1.25521	0.979082
-1.14791	1.07308
-1.03076	1.17142
-0.903215	1.27548
-0.764602	1.38613
-0.614266	1.50336
-0.451683	1.62583
-0.276667	1.75016
-0.089646	1.87021
0.108005	1.97651
0.313647	2.05643
0.523209	2.09561
0.731299	2.0809
0.931702	2.00403
1.11817	1.8647
1.2853	1.6713
1.42919	1.4389
1.54773	1.18542
1.64051	0.927783
1.70844	0.6793
1.75331	0.448694
1.77735	0.240367
1.78288	0.0553601
1.77213	-0.107556
1.74704	-0.250917
1.70925	-0.377863
1.66008	-0.491687
1.60053	-0.595574
1.53128	-0.692484
1.45277	-0.785115
1.36517	-0.875915
1.26846	-0.967095
1.1624	-1.06065
1.04656	-1.15834
0.920405	-1.2616
0.783269	-1.37136
0.634491	-1.48778
0.473521	-1.60971
0.300112	-1.73408
0.114598	-1.85515
-0.0817912	-1.96389
-0.286594	-2.04803
-0.495927	-2.09332
-0.704549	-2.08622
-0.906312	-2.01763
-1.09492	-1.88612
-1.26483	-1.69901
-1.41189	-1.47069
-1.53379	-1.21894
-1.62989	-0.960994
-1.70096	-0.710728
-1.74871	-0.477465
-1.77532	-0.266123
-1.78313	-0.0781163
-1.77438	0.0875476
-1.75105	0.23328
-1.71483	0.362174
-1.66708	0.477519
-1.60883	0.582525
-1.54081	0.680184
-1.46349	0.773228
-1.37707	0.864135
-1.28156	0.955149
-1.17673	1.04829
-1.06219	1.14536
-0.93741	1.24782
-0.801739	1.35671
-0.65451	1.47229
-0.495147	1.59363
-0.323352	1.71795
-0.139364	1.83988
0.0557217	1.95085
0.25962	2.03898
0.468633	2.09014
0.677683	2.09049
0.880699	2.03017
1.07136	1.9066
1.24396	1.72602
1.39417	1.50208
1.51941	1.25236
1.61884	0.99434
1.69308	0.742449
1.74375	0.506611
1.77297	0.292276
1.7831	0.101252
1.77638	-0.0672016
1.75484	-0.215359
1.72022	-0.346256
1.6739	-0.463177
1.61696	-0.569353
1.55018	-0.667806
1.47405	-0.761305
1.38882	-0.852358
1.29449	-0.943239
1.19089	-1.036
1.07765	-1.13246
0.954231	-1.23416
0.820014	-1.34218
0.674323	-1.45691
0.516562	-1.57761
0.346384	-1.70178
0.163941	-1.82444
-0.0298032	-1.93744
-0.232734	-2.0293
-0.441342	-2.08609
-0.650715	-2.09373
-0.854877	-2.04162
-1.04749	-1.9261
-1.22272	-1.75229
-1.37602	-1.53304
-1.50458	-1.28564
-1.60736	-1.0278
-1.68481	-0.774448
-1.73842	-0.536126
-1.7703	-0.318827
-1.78278	-0.124771
-1.77813	0.0465117
-1.75842	0.197145
-1.72541	0.330102
-1.68054	0.448654
-1.62493	0.55605
-1.5594	0.655345
-1.48447	0.749341
-1.40041	0.840579
-1.30727	0.931361
-1.2049	1.02377
-1.09293	1.11966
-0.97087	1.2206
-0.838095	1.32775
-0.693932	1.44163
-0.537767	1.56165
-0.369208	1.68559
-0.188325	1.80883
0.00404182	1.92367
0.205945	2.01904
0.414066	2.0812
0.62366	2.09594
0.828858	2.05198
1.02332	1.94461
1.2011	1.77779
1.35745	1.56352
1.48933	1.31875
1.59546	1.06134
1.67613	0.806707
1.73273	0.566001
1.76731	0.345774
1.78217	0.148677
1.77963	-0.0254717
1.76176	-0.178633
1.73039	-0.313704
1.687	-0.433943
1.63274	-0.542611
1.56846	-0.642795
1.49473	-0.73733
1.41185	-0.828792
1.3199	-0.919511
1.21874	-1.0116
1.10804	-1.10694
0.987328	-1.20714
0.855983	-1.31345
0.713338	-1.42645
0.558762	-1.54576
0.391823	-1.66939
0.212514	-1.79309
0.0215565	-1.90958
-0.179264	-2.00821
-0.386816	-2.07551
-0.596532	-2.09716
-0.802658	-2.06126
-0.998868	-1.9621
-1.17912	-1.80248
-1.33846	-1.59348
-1.47363	-1.35164
-1.58312	-1.09493
-1.66704	-0.839208
-1.72667	-0.596228
-1.76398	-0.373116
-1.78127	-0.172973
-1.78087	0.0040759
-1.76489	0.159814
-1.73518	0.297056
-1.69328	0.419036
-1.64037	0.529029
-1.57736	0.63015
-1.50483	0.725268
-1.42313	0.816993
-1.33236	0.907685
-1.23242	0.999482
-1.12299	1.0943
-1.00361	1.1938
-0.87368	1.29926
-0.732542	1.41139
-0.579547	1.52994
-0.414228	1.6532
-0.236505	1.77723
-0.0469862	1.89518
0.152699	1.99685
0.359604	2.06905
0.569343	2.09739
0.77629	2.06946
0.974145	1.97856
1.15678	1.82633
1.31907	1.62289
1.4575	1.38429
1.57035	1.12854
1.65754	0.871931
1.72022	0.626796
1.76031	0.40085
1.78007	0.197662
1.78184	0.0176814
1.76777	-0.140683
1.73976	-0.280151
1.69937	-0.403927
1.64784	-0.515297
1.5861	-0.617403
1.51478	-0.713149
1.43426	-0.805176
1.34468	-0.895877
1.24593	-0.987417
1.13776	-1.08174
1.01971	-1.18055
0.891188	-1.28518
0.751545	-1.39643
0.600124	-1.51421
0.436422	-1.63702
0.260294	-1.76127
0.0722423	-1.88052
-0.126258	-1.985
-0.332442	-2.06184
-0.542109	-2.09667
-0.749767	-2.07659
-0.949164	-1.99397
-1.13409	-1.8493
-1.29926	-1.6517
-1.44093	-1.41666
-1.55715	-1.16215
-1.64763	-0.904854
-1.7134	-0.657694
-1.7563	-0.428972
-1.77857	-0.222746
-1.78255	-0.0398054
-1.77043	0.121231
-1.74413	0.26298
-1.70527	0.388609
-1.65513	0.501409
-1.59467	0.60455
-1.52458	0.700968
-1.44524	0.793338
-1.35684	0.884084
-1.2593	0.9754
-1.15237	1.06926
-1.03563	1.1674
-0.908508	1.27121
-0.770349	1.38159
-0.620493	1.49857
-0.458405	1.62088
-0.283881	1.74524
-0.0973201	1.86561
0.0999481	1.97268
0.30534	2.05392
0.514841	2.09501
0.723106	2.08265
0.923937	2.00832
1.11107	1.87137
1.27906	1.67988
1.42393	1.4487
1.5435	1.19571
1.6373	0.937955
1.70619	0.68891
1.75194	0.45748
1.77676	0.248226
1.78299	0.0623011
1.77284	-0.101453
1.74829	-0.245536
1.71098	-0.373074
1.66225	-0.487359
1.60309	-0.591583
1.53422	-0.688718
1.45607	-0.781472
1.36884	-0.8723
1.2725	-0.963426
1.16681	-1.05685
1.05138	-1.15435
0.925641	-1.25736
0.788956	-1.36686
0.640654	-1.48302
0.480177	-1.60477
0.307264	-1.72914
0.122215	-1.85049
-0.073778	-1.95993
-0.27831	-2.04532
-0.487554	-2.09244
-0.696318	-2.08764
-0.898478	-2.02159
-1.08773	-1.89251
-1.25847	-1.70738
-1.4065	-1.48037
-1.52942	-1.2292
-1.62654	-0.97121
-1.69859	-0.720429
-1.74722	-0.486367
-1.77463	-0.274104
-1.78315	-0.0851733
-1.77502	0.0813421
-1.75224	0.227813
-1.7165	0.357315
-1.66919	0.473138
-1.61134	0.578497
-1.5437	0.676395
-1.46674	0.769574
-1.38069	0.860522
-1.28554	0.951492
-1.18109	1.04451
-1.06695	1.14139
-0.94259	1.24362
-0.807366	1.35224
-0.66061	1.46756
-0.501739	1.58871
-0.33044	1.71299
-0.146924	1.83516
0.0477541	1.94678
0.251362	2.03608
0.46026	2.08898
0.66942	2.0916
0.872799	2.03379
1.06407	1.91269
1.23748	1.73416
1.38865	1.51163
1.51491	1.26258
1.61536	1.00459
1.69059	0.752237
1.74215	0.515627
1.77219	0.300379
1.78303	0.108426
1.77694	-0.0608912
1.75596	-0.209802
1.72183	-0.341326
1.67596	-0.458742
1.61943	-0.565286
1.55303	-0.663992
1.47726	-0.757639
1.39239	-0.848745
1.29843	-0.939592
1.19521	-1.03224
1.08235	-1.12852
0.959355	-1.22998
0.825581	-1.33774
0.68036	-1.45221
0.52309	-1.5727
0.353408	-1.69681
0.171442	-1.81966
-0.0218831	-1.93325
-0.224505	-2.02622
-0.432972	-2.08468
-0.642424	-2.09452
-0.846915	-2.04491
-1.0401	-1.93189
-1.21612	-1.7602
-1.37037	-1.54244
-1.49995	-1.29581
-1.60376	-1.03808
-1.68219	-0.784318
-1.73671	-0.545253
-1.76942	-0.327052
-1.78263	-0.132064
-1.77862	0.0400945
-1.75947	0.191498
-1.72696	0.325098
-1.68254	0.444161
-1.62735	0.551942
-1.5622	0.651505
-1.48763	0.745661
-1.40393	0.836964
-1.31116	0.927723
-1.20916	1.02003
-1.09758	1.11574
-0.975938	1.21646
-0.843603	1.32335
-0.699907	1.43696
-0.54423	1.55677
-0.376168	1.68062
-0.195767	1.80401
-0.0038288	1.91938
0.197748	2.01577
0.405703	2.07954
0.615345	2.09642
0.820839	2.05494
1.01585	1.95009
1.19439	1.78545
1.35167	1.57277
1.48456	1.32886
1.59172	1.07164
1.67339	0.816653
1.73091	0.575237
1.76632	0.35412
1.78193	0.156089
1.78004	-0.018946
1.76275	-0.172893
1.73188	-0.308624
1.68894	-0.429391
1.6351	-0.53846
1.57121	-0.638926
1.49784	-0.733636
1.41532	-0.825174
1.32374	-0.915881
1.22295	-1.00788
1.11264	-1.10305
0.99234	-1.20304
0.861432	-1.30908
0.71925	-1.42182
0.565161	-1.5409
0.398719	-1.66442
0.219895	-1.78823
0.0293759	-1.90519
-0.171102	-2.00478
-0.378463	-2.07361
-0.588196	-2.09733
-0.794586	-2.06389
-0.991312	-1.96726
-1.1723	-1.80989
-1.33256	-1.60257
-1.46873	-1.36169
-1.57925	-1.10524
-1.66417	-0.849224
-1.72473	-0.60557
-1.76289	-0.381582
-1.78094	-0.180506
-1.78119	-0.00256008
-1.7658	0.153979
-1.73661	0.291898
-1.69516	0.414423
-1.64268	0.524832
-1.58006	0.62625
-1.5079	0.721557
-1.42656	0.81337
-1.33616	0.90406
-1.23658	0.995775
-1.12754	1.09044
-1.00856	1.18972
-0.879071	1.29492
-0.738393	1.40679
-0.585882	1.52511
-0.421059	1.64823
-0.243824	1.77234
-0.0547529	1.89071
0.144574	1.99327
0.351265	2.06692
0.560992	2.09727
0.768169	2.07176
0.966509	1.9834
1.14986	1.83347
1.31304	1.63179
1.45246	1.39426
1.56635	1.13885
1.65455	0.882011
1.71817	0.63624
1.75911	0.409436
1.77965	0.205315
1.78209	0.0244293
1.76861	-0.13475
1.74112	-0.274911
1.7012	-0.39925
1.65009	-0.511054
1.58875	-0.613472
1.5178	-0.709419
1.43765	-0.801547
1.34842	-0.892258
1.25005	-0.983726
1.14226	-1.07791
1.02461	-1.1765
0.896521	-1.28088
0.757335	-1.39186
0.606395	-1.5094
0.443188	-1.63207
0.267552	-1.75636
0.0799548	-1.87597
-0.118172	-1.98127
-0.324121	-2.05949
-0.533746	-2.09626
-0.741602	-2.07856
-0.941451	-1.99848
-1.12707	-1.85617
-1.29311	-1.66041
-1.43576	-1.42652
-1.55301	-1.17245
-1.64451	-0.914991
-1.71123	-0.667237
-1.755	-0.437677
-1.77805	-0.230521
-1.78272	-0.0466668
-1.7712	0.115199
-1.74543	0.257658
-1.70704	0.383866
-1.65733	0.497117
-1.59727	0.600584
-1.52755	0.697217
-1.44858	0.789701
-1.36053	0.880468
-1.26336	0.971722
-1.15682	1.06545
-1.04048	1.16339
-0.913784	1.26695
-0.776079	1.37705
-0.6267	1.49379
-0.465107	1.61593
-0.291077	1.7403
-0.104977	1.861
0.0919045	1.96882
0.29704	2.05136
0.506472	2.09431
0.714901	2.08429
0.916151	2.0125
1.10395	1.87795
1.27278	1.68839
1.41863	1.45845
1.53923	1.206
1.63404	0.948142
1.7039	0.698548
1.75053	0.466302
1.77614	0.256123
1.78307	0.0692776
1.77354	-0.0953193
1.74952	-0.240129
1.7127	-0.368264
1.6644	-0.483015
1.60564	-0.587582
1.53714	-0.684946
1.45936	-0.777826
1.37249	-0.868687
1.27652	-0.959761
1.17121	-1.05306
1.05617	-1.15036
0.930861	-1.25313
0.794625	-1.36236
0.646798	-1.47826
0.486814	-1.59984
0.314396	-1.72419
0.129815	-1.84581
-0.0657785	-1.95594
-0.270034	-2.04255
-0.479181	-2.09147
-0.688078	-2.08897
-0.890623	-2.02545
-1.0805	-1.8988
-1.25207	-1.71567
-1.40107	-1.49
-1.52502	-1.23946
-1.62316	-0.981439
-1.69618	-0.730157
-1.74571	-0.495304
-1.77392	-0.282122
-1.78314	-0.0922661
-1.77563	0.0751046
-1.7534	0.222318
-1.71816	0.352435
-1.67128	0.468741
-1.61384	0.574458
-1.54658	0.672599
-1.46999	0.765917
-1.3843	0.85691
-1.28951	0.947838
-1.18544	1.04074
-1.07169	1.13743
-0.947753	1.23942
-0.812975	1.34778
-0.666691	1.46284
-0.508311	1.58379
-0.337508	1.70803
-0.154466	1.83043
0.0398009	1.94267
0.243112	2.03312
0.451888	2.08775
0.661148	2.0926
0.86488	2.03732
1.05675	1.91868
1.23097	1.74223
1.38308	1.52113
1.51036	1.27279
1.61185	1.01486
1.68805	0.762051
1.74052	0.524677
1.77137	0.30852
1.78294	0.115637
1.77748	-0.0545483
1.75706	-0.204219
1.72342	-0.336373
1.67799	-0.454288
1.62187	-0.561206
1.55586	-0.660171
1.48046	-0.753969
1.39595	-0.845132
1.30235	-0.935948
1.1995	-1.02849
1.08704	-1.12459
0.964462	-1.22582
0.83113	-1.33331
0.686378	-1.44752
0.529598	-1.56781
0.360413	-1.69185
0.178925	-1.81488
-0.0139781	-1.92903
-0.216285	-2.02307
-0.424604	-2.08319
-0.634125	-2.09521
-0.838935	-2.0481
-1.03269	-1.93758
-1.2095	-1.76803
-1.36468	-1.5518
-1.49527	-1.30597
-1.60011	-1.04837
-1.67953	-0.794211
-1.73497	-0.554414
-1.7685	-0.335314
-1.78244	-0.139393
-1.77908	0.0336443
-1.7605	0.185823
-1.72849	0.32007
-1.68452	0.439651
-1.62974	0.547821
-1.56498	0.647656
-1.49078	0.741977
-1.40744	0.833348
-1.31504	0.924088
-1.21341	1.01629
-1.10222	1.11184
-0.980989	1.21233
-0.849093	1.31896
-0.705862	1.4323
-0.550674	1.55189
-0.383108	1.67565
-0.20319	1.79919
-0.0116839	1.91506
0.189562	2.01246
0.397342	2.07781
0.607023	2.09681
0.812804	2.0578
1.00835	1.95546
1.18765	1.79304
1.34585	1.58197
1.47975	1.33896
1.58794	1.08194
1.6706	0.826621
1.72905	0.584506
1.7653	0.362503
1.78166	0.163538
1.78042	-0.0123867
1.76371	-0.167123
1.73335	-0.30352
1.69087	-0.42482
1.63744	-0.534295
1.57394	-0.635048
1.50094	-0.729936
1.41879	-0.821554
1.32756	-0.912252
1.22715	-1.00416
1.11723	-1.09917
0.997336	-1.19894
0.866864	-1.30473
0.725144	-1.41719
0.57154	-1.53604
0.405594	-1.65945
0.227257	-1.78337
0.0371794	-1.90078
-0.162951	-2.0013
-0.370114	-2.07164
-0.579856	-2.09742
-0.786498	-2.06642
-0.983731	-1.97232
-1.16545	-1.81721
-1.32661	-1.6116
-1.46378	-1.37171
-1.57534	-1.11555
-1.66126	-0.859261
-1.72276	-0.614943
-1.76177	-0.390086
-1.78057	-0.188075
-1.7815	-0.00923024
-1.76669	0.148114
-1.73801	0.286715
-1.69704	0.40979
-1.64497	0.520622
-1.58274	0.622341
-1.51095	0.71784
-1.42998	0.809745
-1.33994	0.900438
-1.24073	0.992074
-1.13207	1.08659
-1.01351	1.18566
-0.884445	1.2906
-0.744225	1.4022
-0.592197	1.52028
-0.42787	1.64327
-0.251125	1.76745
-0.0625032	1.88622
0.13646	1.98964
0.342932	2.06471
0.552638	2.09706
0.760034	2.07396
0.958848	1.98814
1.1429	1.84053
1.30696	1.64064
1.44738	1.40419
1.5623	1.14917
1.65151	0.892109
1.71608	0.645715
1.75789	0.418059
1.77919	0.213006
1.78231	0.0312119
1.76943	-0.128787
1.74247	-0.269647
1.70301	-0.394554
1.65233	-0.506795
1.59138	-0.60953
1.52081	-0.705683
1.44102	-0.797916
1.35216	-0.88864
1.25415	-0.980039
1.14674	-1.07408
1.0295	-1.17247
0.901837	-1.2766
0.763106	-1.38731
0.612646	-1.5046
0.449935	-1.62711
0.274791	-1.75144
0.0876504	-1.8714
-0.110099	-1.97749
-0.315806	-2.05707
-0.525381	-2.09576
-0.733425	-2.08043
-0.933714	-2.0029
-1.12001	-1.86295
-1.28692	-1.66907
-1.43055	-1.43636
-1.54883	-1.18275
-1.64134	-0.925144
-1.70902	-0.67681
-1.75366	-0.446418
-1.7775	-0.238333
-1.78285	-0.0535634
-1.77194	0.109136
-1.74671	0.25231
-1.7088	0.379103
-1.65952	0.492808
-1.59986	0.596608
-1.53051	0.69346
-1.4519	0.786061
-1.36422	0.876853
-1.26741	0.968049
-1.16125	1.06164
-1.04531	1.15938
-0.919042	1.2627
-0.781789	1.37253
-0.632888	1.48901
-0.471789	1.61099
-0.298252	1.73536
-0.112617	1.85636
0.0838742	1.96491
0.288747	2.04873
0.4981	2.09354
0.706684	2.08584
0.908343	2.01659
1.09679	1.88445
1.26647	1.69683
1.41329	1.46817
1.53492	1.21627
1.63075	0.958343
1.70157	0.708214
1.74909	0.475159
1.77549	0.264057
1.78312	0.0762896
1.77421	-0.0891538
1.75074	-0.234695
1.71439	-0.363432
1.66653	-0.478654
1.60817	-0.583569
1.54005	-0.681166
1.46264	-0.774176
1.37613	-0.865074
1.28052	-0.956099
1.17559	-1.04927
1.06095	-1.14639
0.936062	-1.24892
0.800275	-1.35787
0.652923	-1.47352
0.493432	-1.59491
0.321508	-1.71923
0.137398	-1.84111
-0.057793	-1.95191
-0.261766	-2.03973
-0.470808	-2.09042
-0.679827	-2.09019
-0.882748	-2.02921
-1.07325	-1.905
-1.24564	-1.7239
-1.3956	-1.4996
-1.52057	-1.2497
-1.61974	-0.991679
-1.69373	-0.739912
-1.74415	-0.504276
-1.77317	-0.290178
-1.78311	-0.0993949
-1.77623	0.0688349
-1.75455	0.216797
-1.71979	0.347532
-1.67336	0.464326
-1.61632	0.570407
-1.54944	0.668795
-1.47322	0.762256
-1.38789	0.853297
-1.29347	0.944187
-1.18977	1.03698
-1.07642	1.13349
-0.952898	1.23524
-0.818565	1.34333
-0.672752	1.45813
-0.514864	1.57888
-0.344557	1.70307
-0.16199	1.82567
0.0318622	1.93852
0.234872	2.0301
0.443516	2.08644
0.652867	2.09351
0.856941	2.04074
1.0494	1.92459
1.22442	1.75023
1.37748	1.53059
1.50578	1.28299
1.60829	1.02513
1.68548	0.771889
1.73886	0.533761
1.77053	0.316697
1.78282	0.122883
1.778	-0.0481726
1.75814	-0.198607
1.725	-0.331397
1.68002	-0.449818
1.62431	-0.557115
1.55867	-0.656341
1.48364	-0.750295
1.39949	-0.841517
1.30626	-0.932307
1.20379	-1.02474
1.09172	-1.12067
0.969551	-1.22167
0.836661	-1.3289
0.692377	-1.44284
0.536086	-1.56292
0.367398	-1.68688
0.18639	-1.81008
-0.00608814	-1.92478
-0.208076	-2.01987
-0.416238	-2.08162
-0.625818	-2.09581
-0.830938	-2.0512
-1.02526	-1.94317
-1.20283	-1.77579
-1.35895	-1.56111
-1.49056	-1.31611
-1.59642	-1.05866
-1.67684	-0.804128
-1.7332	-0.563608
-1.76756	-0.343613
-1.78223	-0.146758
-1.77952	0.0271608
-1.76151	0.180119
-1.73	0.31502
-1.68649	0.435122
-1.63212	0.543687
-1.56774	0.643798
-1.49391	0.738289
-1.41094	0.829731
-1.3189	0.920454
-1.21764	1.01257
-1.10684	1.10795
-0.986023	1.20821
-0.854565	1.31458
-0.711799	1.42766
-0.557097	1.54702
-0.390029	1.67068
-0.210594	1.79435
-0.0195233	1.91071
0.181386	2.00909
0.388985	2.076
0.598695	2.0971
0.804751	2.06056
1.00083	1.96075
1.18088	1.80054
1.33999	1.59112
1.4749	1.34903
1.58412	1.09225
1.66778	0.836611
1.72716	0.593807
1.76425	0.370923
1.78136	0.171023
1.78078	-0.00579353
1.76464	-0.161325
1.73481	-0.298392
1.69278	-0.420231
1.63977	-0.530116
1.57665	-0.631161
1.50403	-0.726231
1.42224	-0.817933
1.33138	-0.908626
1.23133	-1.00045
1.1218	-1.0953
1.00232	-1.19485
0.872277	-1.30038
0.731019	-1.41258
0.577899	-1.5312
0.41245	-1.65449
0.234601	-1.7785
0.0449667	-1.89634
-0.154811	-1.99777
-0.36177	-2.06959
-0.571511	-2.09741
-0.778396	-2.06885
-0.976125	-1.97729
-1.15857	-1.82446
-1.32063	-1.62057
-1.4588	-1.3817
-1.57138	-1.12586
-1.65832	-0.869317
-1.72075	-0.624349
-1.76061	-0.398626
-1.78018	-0.195681
-1.78177	-0.0159347
-1.76755	0.142219
-1.7394	0.281507
-1.69889	0.405138
-1.64725	0.516397
-1.58541	0.618423
-1.51399	0.714117
-1.43338	0.806118
-1.3437	0.896817
-1.24486	0.988377
-1.13659	1.08274
-1.01843	1.1816
-0.8898	1.28629
-0.750039	1.39762
-0.598492	1.51546
-0.434661	1.63831
-0.258407	1.76255
-0.0702368	1.8817
0.128359	1.98596
0.334604	2.06244
0.54428	2.09676
0.751886	2.07606
0.951164	1.99278
1.13591	1.8475
1.30086	1.64943
1.44227	1.41409
1.55821	1.15947
1.64844	0.902225
1.71396	0.655221
1.75663	0.426718
1.7787	0.220733
1.78251	0.0380293
1.77023	-0.122793
1.74379	-0.264357
1.70481	-0.389837
1.65455	-0.502522
1.594	-0.605578
1.5238	-0.701941
1.44437	-0.794282
1.35587	-0.885023
1.25824	-0.976356
1.15121	-1.07025
1.03437	-1.16844
0.907135	-1.27232
0.768859	-1.38276
0.618878	-1.49981
0.456661	-1.62216
0.28201	-1.74652
0.095329	-1.86681
-0.102039	-1.97368
-0.307497	-2.05458
-0.517014	-2.09517
-0.725234	-2.0822
-0.925956	-2.00721
-1.11292	-1.86964
-1.28069	-1.67766
-1.4253	-1.44616
-1.54461	-1.19304
-1.63814	-0.935313
-1.70678	-0.686412
-1.7523	-0.455195
-1.77692	-0.246182
-1.78297	-0.0604953
-1.77266	0.103041
-1.74797	0.246936
-1.71054	0.37432
-1.66169	0.488484
-1.60243	0.592621
-1.53346	0.689697
-1.45521	0.782418
-1.36789	0.873239
-1.27145	0.964379
-1.16567	1.05784
-1.05013	1.15538
-0.924283	1.25846
-0.787481	1.36802
-0.639056	1.48425
-0.478451	1.60605
-0.305409	1.73042
-0.120239	1.8517
0.0758575	1.96096
0.280461	2.04603
0.489728	2.09268
0.698457	2.08728
0.900514	2.02058
1.0896	1.89086
1.26012	1.70521
1.40791	1.47786
1.53056	1.22654
1.62742	0.968556
1.69921	0.717907
1.74761	0.484052
1.77481	0.272028
1.78315	0.0833373
1.77485	-0.0829566
1.75193	-0.229235
1.71607	-0.358579
1.66864	-0.474278
1.61069	-0.579544
1.54295	-0.677379
1.4659	-0.770523
1.37975	-0.861461
1.28451	-0.952441
1.17996	-1.0455
1.06572	-1.14242
0.941247	-1.24471
0.805907	-1.3534
0.659028	-1.46879
0.500029	-1.58999
0.328601	-1.71428
0.144962	-1.83639
-0.0498217	-1.94784
-0.253505	-2.03684
-0.462435	-2.08929
-0.671566	-2.09132
-0.874852	-2.03286
-1.06596	-1.91112
-1.23917	-1.73206
-1.39008	-1.50915
-1.51608	-1.25993
-1.61627	-1.00193
-1.69124	-0.749693
-1.74257	-0.513282
-1.7724	-0.298272
-1.78305	-0.10656
-1.7768	0.062533
-1.75567	0.211248
-1.72141	0.342608
-1.67542	0.459895
-1.61879	0.566343
-1.55229	0.664983
-1.47643	0.758591
-1.39146	0.849683
-1.29741	0.940539
-1.19409	1.03322
-1.08113	1.12955
-0.958026	1.23107
-0.824137	1.33889
-0.678794	1.45343
-0.521397	1.57398
-0.351586	1.6981
-0.169496	1.8209
0.0239383	1.93434
0.226641	2.02702
0.435146	2.08505
0.644578	2.09432
0.848984	2.04406
1.04202	1.93039
1.21784	1.75815
1.37184	1.54001
1.50116	1.29317
1.6047	1.03541
1.68287	0.781753
1.73716	0.54288
1.76965	0.324912
1.78267	0.130166
1.77849	-0.0417641
1.7592	-0.192967
1.72656	-0.326399
1.68202	-0.44533
1.62672	-0.55301
1.56147	-0.652503
1.48681	-0.746617
1.40302	-0.837903
1.31015	-0.928668
1.20805	-1.021
1.09638	-1.11676
0.974624	-1.21753
0.842174	-1.32449
0.698357	-1.43817
0.542554	-1.55803
0.374363	-1.68191
0.193836	-1.80527
0.00178649	-1.9205
-0.199876	-2.01662
-0.407874	-2.07998
-0.617505	-2.09631
-0.822923	-2.05418
-1.01779	-1.94867
-1.19614	-1.78347
-1.35317	-1.57037
-1.4858	-1.32624
-1.59269	-1.06896
-1.6741	-0.814068
-1.73139	-0.572836
-1.76658	-0.351949
-1.782	-0.154161
-1.77993	0.0206438
-1.76249	0.174386
-1.7315	0.309946
-1.68844	0.430575
-1.63449	0.539539
-1.57049	0.639931
-1.49703	0.734596
-1.41442	0.826113
-1.32274	0.916823
-1.22186	1.00884
-1.11145	1.10406
-0.99104	1.2041
-0.860019	1.31021
-0.717717	1.42302
-0.563501	1.54216
-0.39693	1.66571
-0.21798	1.7895
-0.027347	1.90633
0.17322	2.00567
0.380632	2.07411
0.590361	2.0973
0.796683	2.06322
0.993277	1.96593
1.17407	1.80797
1.33409	1.60021
1.47	1.35908
1.58026	1.10256
1.66492	0.846622
1.72524	0.603141
1.76317	0.37938
1.78103	0.178546
1.78111	0.000833611
1.76556	-0.155497
1.73624	-0.29324
1.69468	-0.415623
1.64208	-0.525923
1.57936	-0.627264
1.5071	-0.722521
1.42567	-0.814311
1.33517	-0.905001
1.2355	-0.996737
1.12636	-1.09144
1.00728	-1.19078
0.877673	-1.29605
0.736875	-1.40798
0.584239	-1.52636
0.419287	-1.64952
0.241925	-1.77361
0.0527377	-1.89188
-0.146682	-1.9942
-0.35343	-2.06748
-0.563161	-2.09731
-0.770279	-2.07118
-0.968494	-1.98215
-1.15166	-1.83162
-1.31461	-1.62949
-1.45377	-1.39167
-1.56739	-1.13618
-1.65533	-0.879392
-1.71871	-0.633785
-1.75943	-0.407203
-1.77976	-0.203325
-1.78203	-0.0226737
-1.7684	0.136293
-1.74077	0.276274
-1.70072	0.400467
-1.64951	0.512157
-1.58806	0.614494
-1.51702	0.710388
-1.43677	0.80249
-1.34745	0.893197
-1.24898	0.984684
-1.14109	1.0789
-1.02334	1.17755
-0.895138	1.282
-0.755833	1.39305
-0.604768	1.51065
-0.441433	1.63335
-0.265669	1.75764
-0.0779537	1.87716
0.12027	1.98224
0.326281	2.06011
0.535918	2.09637
0.743724	2.07806
0.943456	1.99732
1.1289	1.85439
1.29471	1.65816
1.43711	1.42396
1.55409	1.16978
1.64532	0.912357
1.7118	0.664756
1.75534	0.435413
1.77819	0.228498
1.78268	0.0448817
1.771	-0.116768
1.74509	-0.259042
1.70658	-0.3851
1.65676	-0.498233
1.5966	-0.601615
1.52678	-0.698192
1.44772	-0.790645
1.35958	-0.881407
1.26231	-0.972677
1.15566	-1.06644
1.03922	-1.16443
0.912416	-1.26806
0.774593	-1.37823
0.62509	-1.49503
0.463368	-1.61721
0.28921	-1.74158
0.10299	-1.8622
-0.093992	-1.96982
-0.299195	-2.05203
-0.508645	-2.0945
-0.717032	-2.08387
-0.918175	-2.01143
-1.1058	-1.87625
-1.27442	-1.68618
-1.42001	-1.45592
-1.54034	-1.20333
-1.63489	-0.945496
-1.7045	-0.696042
-1.7509	-0.464007
-1.7763	-0.254069
-1.78305	-0.0674626
-1.77336	0.0969152
-1.74921	0.241536
-1.71225	0.369515
-1.66384	0.484144
-1.60498	0.588622
-1.53639	0.685926
-1.45851	0.778773
-1.37155	0.869625
-1.27547	0.960712
-1.17007	1.05405
-1.05493	1.1514
-0.929507	1.25423
-0.793154	1.36353
-0.645205	1.4795
-0.485093	1.60112
-0.312546	1.72547
-0.127843	1.84702
0.0678544	1.95698
0.272182	2.04328
0.481355	2.09173
0.690219	2.08863
0.892664	2.02446
1.08238	1.89718
1.25373	1.71352
1.40248	1.4875
1.52616	1.23679
1.62404	0.978782
1.69681	0.727629
1.7461	0.49298
1.77411	0.280037
1.78315	0.0904208
1.77548	-0.0767274
1.7531	-0.223748
1.71773	-0.353704
1.67074	-0.469884
1.61319	-0.575508
1.54583	-0.673585
1.46915	-0.766867
1.38336	-0.857848
1.28848	-0.948786
1.18431	-1.04172
1.07046	-1.13846
0.946414	-1.24051
0.81152	-1.34894
0.665113	-1.46407
0.506607	-1.58507
0.335675	-1.70932
0.152509	-1.83166
-0.0418647	-1.94374
-0.245254	-2.03389
-0.454062	-2.08808
-0.663297	-2.09235
-0.866938	-2.03641
-1.05865	-1.91714
-1.23267	-1.74014
-1.38453	-1.51867
-1.51155	-1.27014
-1.61277	-1.01219
-1.68872	-0.7595
-1.74095	-0.522323
-1.77159	-0.306402
-1.78296	-0.113761
-1.77734	0.0561985
-1.75678	0.205671
-1.72301	0.337661
-1.67747	0.455447
-1.62124	0.562267
-1.55512	0.661164
-1.47963	0.754923
-1.39502	0.84607
-1.30134	0.936894
-1.19839	1.02946
-1.08583	1.12561
-0.963137	1.2269
-0.829691	1.33446
-0.684817	1.44874
-0.52791	1.56908
-0.358596	1.69314
-0.176984	1.81612
0.0160294	1.93013
0.218419	2.02389
0.426777	2.08358
0.636281	2.09504
0.841009	2.04728
1.03462	1.93611
1.21122	1.76601
1.36616	1.54937
1.49649	1.30334
1.60106	1.04569
1.68023	0.79164
1.73543	0.552032
1.76874	0.333165
1.78249	0.137486
1.77896	-0.0353225
1.76023	-0.187299
1.72809	-0.321378
1.68401	-0.440824
1.62912	-0.548892
1.56426	-0.648656
1.48996	-0.742934
1.40653	-0.834287
1.31403	-0.925031
1.2123	-1.01726
1.10102	-1.11285
0.979679	-1.2134
0.847669	-1.3201
0.704318	-1.43351
0.549002	-1.55315
0.381308	-1.67694
0.201264	-1.80044
0.00964564	-1.91618
-0.191687	-2.01332
-0.399513	-2.07826
-0.609185	-2.09672
-0.814892	-2.05707
-1.0103	-1.95408
-1.18941	-1.79108
-1.34737	-1.57958
-1.481	-1.33634
-1.58893	-1.07927
-1.67133	-0.824031
-1.72954	-0.582096
-1.76557	-0.360323
-1.78173	-0.1616
