1  0  0  5.06997e-09  0.05
1.05  0.0112133  5.46836e-09  1.4466e-07  0.1
1.15  0.0421381  1.73637e-07  1.357e-07  0.1
1.25  0.0862599  3.7662e-07  1.26516e-07  0.1
1.35  0.145886  6.15551e-07  1.17584e-07  0.1
1.45  0.223389  8.91967e-07  1.0913e-07  0.1
1.55  0.321197  1.20765e-06  1.01247e-07  0.1
1.65  0.441786  1.56451e-06  9.39571e-08  0.1
1.75  0.587664  1.96453e-06  8.72455e-08  0.1
1.85  0.761369  2.40975e-06  8.10798e-08  0.1
1.95  0.965456  2.90216e-06  7.542e-08  0.1
2.05  1.20249  3.44377e-06  7.02238e-08  0.1
2.15  1.47504  4.03653e-06  6.54496e-08  0.1
2.25  1.78567  4.68235e-06  6.10585e-08  0.1
2.35  2.13694  5.38308e-06  5.70144e-08  0.1
2.45  2.53138  6.14051e-06  5.32844e-08  0.1
2.55  2.9715  6.95635e-06  4.9839e-08  0.1
2.65  3.45978  7.83224e-06  4.66516e-08  0.1
2.75  3.99867  8.76974e-06  4.36983e-08  0.1
2.85  4.59056  9.77033e-06  4.09578e-08  0.1
2.95  5.2378  1.08354e-05  3.84112e-08  0.1
3.05  5.94269  1.19662e-05  3.60413e-08  0.1
3.15  6.70746  1.3164e-05  3.38331e-08  0.1
3.25  7.53428  1.44299e-05  9.54939e-07  0.2
3.45  9.38238  1.81357e-05  8.453e-07  0.2
3.65  11.5028  2.21758e-05  7.48715e-07  0.2
3.85  13.91  2.65568e-05  6.63351e-07  0.2
4.05  16.6169  3.12829e-05  5.87692e-07  0.2
4.25  19.6347  3.63565e-05  5.20472e-07  0.2
4.45  22.9727  4.17774e-05  4.60632e-07  0.2
4.65  26.6385  4.75435e-05  4.07279e-07  0.2
4.85  30.6375  5.365e-05  8.74148e-08  0.15
