4    1
0    0    0    0    0    0    0    0    0    0    0    0    0    0    0    0    0    1    1    1    1    1    1    1    0    0    0    0    0    0    0    0    0    0    0    0    0    0    0    0    0
0    0    0    0    0    0    0    0    0    0    0    0    0    0    0    0    0    1    1    1    1    1    1    1    0    0    0    0    0    0    0    0    0    0    0    0    0    0    0    0    0
0    0    0    0    0    0    0    0    0    0    0    0    0    0    0    0    0.01    0.99    1    1    1    1    1    0.99    0.01    0    0    0    0    0    0    0    0    0    0    0    0    0    0    0    0
0    0    0    0    0    0    0    0    0    0    0    0    0    0    0    0.0001    0.0297    0.9703    0.9999    1    1    1    0.9999    0.9703    0.0297    0.0001    0    0    0    0    0    0    0    0    0    0    0    0    0    0    0
0    0    0    0    0    0    0    0    0    0    0    0    0    0    1e-06    0.000495    0.05851    0.94149    0.999505    0.999999    1    0.999999    0.999505    0.94149    0.05851    0.000495    1e-06    0    0    0    0    0    0    0    0    0    0    0    0    0    0
0    0    0    0    0    0    0    0    0    0    0    0    0    1e-08    6.93e-06    0.00146521    0.0955696    0.90443    0.998535    0.999993    1    0.999993    0.998535    0.90443    0.0955696    0.00146521    6.93e-06    1e-08    0    0    0    0    0    0    0    0    0    0    0    0    0
0    0    0    0    0    0    0    0    0    0    0    0    1e-10    8.91e-08    2.73736e-05    0.00336188    0.139777    0.860223    0.996638    0.999973    1    0.999973    0.996638    0.860223    0.139777    0.00336188    2.73736e-05    8.91e-08    1e-10    0    0    0    0    0    0    0    0    0    0    0    0
0    0    0    0    0    0    0    0    0    0    0    1e-12    1.089e-09    4.40155e-07    8.08894e-05    0.00658936    0.189824    0.810176    0.993411    0.999919    0.999999    0.999919    0.993411    0.810176    0.189824    0.00658936    8.08894e-05    4.40155e-07    1.089e-09    1e-12    0    0    0    0    0    0    0    0    0    0    0
0    0    0    0    0    0    0    0    0    0    1e-14    1.287e-11    6.45778e-09    1.59131e-06    0.000198685    0.0115841    0.244243    0.755757    0.988416    0.999801    0.999997    0.999801    0.988416    0.755757    0.244243    0.0115841    0.000198685    1.59131e-06    6.45778e-09    1.287e-11    1e-14    0    0    0    0    0    0    0    0    0    0
0    0    0    0    0    0    0    0    0    1e-16    1.485e-13    8.90605e-11    2.76107e-08    4.69756e-06    0.000428365    0.0187916    0.30145    0.69855    0.981208    0.999572    0.999991    0.999572    0.981208    0.69855    0.30145    0.0187916    0.000428365    4.69756e-06    2.76107e-08    8.90605e-11    1.485e-13    1e-16    0    0    0    0    0    0    0    0    0
0    0    0    0    0    0    0    0    1e-18    1.683e-15    1.17464e-12    4.39578e-10    9.51878e-08    1.19938e-05    0.000837439    0.028642    0.359802    0.640198    0.971358    0.999162    0.999976    0.999162    0.971358    0.640198    0.359802    0.028642    0.000837439    1.19938e-05    9.51878e-08    4.39578e-10    1.17464e-12    1.683e-15    1e-18    0    0    0    0    0    0    0    0
0    0    0    0    0    0    0    1e-20    1.881e-17    1.49787e-14    6.57307e-12    1.73319e-09    2.80803e-07    2.74255e-05    0.00151631    0.041526    0.417646    0.582354    0.958474    0.998483    0.999945    0.998483    0.958474    0.582354    0.417646    0.041526    0.00151631    2.74255e-05    2.80803e-07    1.73319e-09    6.57307e-12    1.49787e-14    1.881e-17    1e-20    0    0    0    0    0    0    0
0    0    0    0    0    0    1e-22    2.079e-19    1.86031e-16    9.37058e-14    2.91721e-11    5.80025e-09    7.35075e-07    5.74745e-05    0.00258038    0.0577711    0.473376    0.526624    0.942229    0.997419    0.999885    0.997419    0.942229    0.526624    0.473376    0.0577711    0.00258038    5.74745e-05    7.35075e-07    5.80025e-09    2.91721e-11    9.37058e-14    1.86031e-16    2.079e-19    1e-22    0    0    0    0    0    0
0    0    0    0    0    1e-24    2.277e-21    2.26195e-18    1.28659e-15    4.62282e-13    1.09191e-10    1.71023e-08    1.74945e-06    0.000112185    0.00417113    0.0776203    0.525482    0.474518    0.92238    0.995827    0.999776    0.995827    0.92238    0.474518    0.525482    0.0776203    0.00417113    0.000112185    1.74945e-06    1.71023e-08    1.09191e-10    4.62282e-13    1.28659e-15    2.26195e-18    2.277e-21    1e-24    0    0    0    0    0
0    0    0    0    1e-26    2.475e-23    2.7028e-20    1.71367e-17    6.98426e-15    1.91354e-12    3.58054e-10    4.5558e-08    3.85086e-06    0.000206381    0.00645579    0.101214    0.5726    0.4274    0.898786    0.99354    0.999587    0.99354    0.898786    0.4274    0.5726    0.101214    0.00645579    0.000206381    3.85086e-06    4.5558e-08    3.58054e-10    1.91354e-12    6.98426e-15    1.71367e-17    2.7028e-20    2.475e-23    1e-26    0    0    0    0
0    0    0    1e-28    2.673e-25    3.18285e-22    2.22606e-19    1.01512e-16    3.16778e-14    6.90713e-12    1.05536e-09    1.11615e-07    7.93951e-06    0.000361046    0.00962553    0.128573    0.613552    0.386448    0.871427    0.990367    0.999278    0.990367    0.871427    0.386448    0.613552    0.128573    0.00962553    0.000361046    7.93951e-06    1.11615e-07    1.05536e-09    6.90713e-12    3.16778e-14    1.01512e-16    2.22606e-19    3.18285e-22    2.673e-25    1e-28    0    0    0
0    0    1e-30    2.871e-27    3.70211e-24    2.83151e-21    1.42885e-18    5.00636e-16    1.2481e-13    2.23165e-11    2.84776e-09    2.54845e-07    1.5481e-05    0.000604824    0.0138921    0.159593    0.647384    0.352616    0.840406    0.986092    0.99879    0.986092    0.840406    0.352616    0.647384    0.159593    0.0138921    0.000604824    1.5481e-05    2.54845e-07    2.84776e-09    2.23165e-11    1.2481e-13    5.00636e-16    1.42885e-18    2.83151e-21    3.70211e-24    2.871e-27    1e-30    0    0
0    1e-32    3.069e-29    4.26057e-26    3.5378e-23    1.95767e-20    7.61291e-18    2.13786e-15    4.38616e-13    6.57583e-11    7.13189e-09    5.47816e-07    2.87636e-05    0.000975581    0.0194828    0.194034    0.67339    0.32661    0.805965    0.980488    0.998049    0.980488    0.805965    0.32661    0.67339    0.194034    0.0194828    0.000975581    2.87636e-05    5.47816e-07    7.13189e-09    6.57583e-11    4.38616e-13    2.13786e-15    7.61291e-18    1.95767e-20    3.5378e-23    4.26057e-26    3.069e-29    1e-32    0
0    3.267e-31    4.85823e-28    4.35269e-25    2.62113e-22    1.1206e-19    3.50235e-17    8.11857e-15    1.40125e-12    1.79208e-10    1.67522e-08    1.11754e-06    5.12322e-05    0.00152194    0.026634    0.231523    0.691134    0.308866    0.768476    0.973315    0.996956    0.973315    0.768476    0.308866    0.691134    0.231523    0.026634    0.00152194    5.12322e-05    1.11754e-06    1.67522e-08    1.79208e-10    1.40125e-12    8.11857e-15    3.50235e-17    1.1206e-19    2.62113e-22    4.35269e-25    4.85823e-28    3.267e-31    0
0    5.49509e-30    5.28393e-27    3.44037e-24    1.60421e-21    5.5254e-19    1.42921e-16    2.79498e-14    4.12803e-12    4.5661e-10    3.72146e-08    2.1774e-06    8.79068e-05    0.00230472    0.0355829    0.271559    0.70046    0.29954    0.728439    0.964329    0.995391    0.964329    0.728439    0.29954    0.70046    0.271559    0.0355829    0.00230472    8.79068e-05    2.1774e-06    3.72146e-08    4.5661e-10    4.12803e-12    2.79498e-14    1.42921e-16    5.5254e-19    1.60421e-21    3.44037e-24    5.28393e-27    5.49509e-30    0
0    6.33929e-29    4.43801e-26    2.24188e-23    8.43965e-21    2.41119e-18    5.27463e-16    8.85038e-14    1.13386e-11    1.09707e-09    7.87113e-08    4.07315e-06    0.000145892    0.00339811    0.0465588    0.313524    0.701487    0.298513    0.686471    0.953295    0.993204    0.953295    0.686471    0.298513    0.701487    0.313524    0.0465588    0.00339811    0.000145892    4.07315e-06    7.87113e-08    1.09707e-09    1.13386e-11    8.85038e-14    5.27463e-16    2.41119e-18    8.43965e-21    2.24188e-23    4.43801e-26    6.33929e-29    0
0    5.63824e-28    3.06777e-25    1.25346e-22    3.92184e-20    9.49633e-18    1.78652e-15    2.60679e-13    2.9294e-11    2.50281e-09    1.59376e-07    7.34715e-06    0.000234982    0.00489058    0.0597727    0.3567    0.694605    0.305395    0.643293    0.939992    0.990219    0.939992    0.643293    0.305395    0.694605    0.3567    0.0597727    0.00489058    0.000234982    7.34715e-06    1.59376e-07    2.50281e-09    2.9294e-11    2.60679e-13    1.78652e-15    9.49633e-18    3.92184e-20    1.25346e-22    3.06777e-25    5.63824e-28    0
0    4.12075e-27    1.8165e-24    6.17953e-22    1.64177e-19    3.42571e-17    5.61673e-15    7.20599e-13    7.16942e-11    5.45255e-09    3.1035e-07    1.28256e-05    0.000368351    0.00688532    0.0754071    0.400285    0.680452    0.319548    0.599702    0.924225    0.986229    0.924225    0.599702    0.319548    0.680452    0.400285    0.0754071    0.00688532    0.000368351    1.28256e-05    3.1035e-07    5.45255e-09    7.16942e-11    7.20599e-13    5.61673e-15    3.42571e-17    1.64177e-19    6.17953e-22    1.8165e-24    4.12075e-27    0
0    2.57603e-26    9.46947e-24    2.73999e-21    6.2843e-19    1.14502e-16    1.65409e-14    1.8831e-12    1.67193e-10    1.13975e-08    5.83428e-07    2.17342e-05    0.000563334    0.0095001    0.0936051    0.443423    0.659888    0.340111    0.556555    0.905832    0.981    0.905832    0.556555    0.340111    0.659888    0.443423    0.0936051    0.0095001    0.000563334    2.17342e-05    5.83428e-07    1.13975e-08    1.67193e-10    1.8831e-12    1.65409e-14    1.14502e-16    6.2843e-19    2.73999e-21    9.46947e-24    2.57603e-26    0
0    1.41579e-25    4.43332e-23    1.10916e-20    2.22516e-18    3.57872e-16    4.59665e-14    4.68005e-12    3.73342e-10    2.29504e-08    1.06229e-06    3.58472e-05    0.000842269    0.0128666    0.11446    0.485227    0.633962    0.366037    0.514737    0.884698    0.974267    0.884698    0.514737    0.366037    0.633962    0.485227    0.11446    0.0128666    0.000842269    3.58472e-05    1.06229e-06    2.29504e-08    3.73342e-10    4.68005e-12    4.59665e-14    3.57872e-16    2.22516e-18    1.10916e-20    4.43332e-23    1.41579e-25    0
0    6.97899e-25    1.89228e-22    4.14734e-20    7.35621e-18    1.05377e-15    1.21277e-13    1.11173e-11    8.01574e-10    4.46709e-08    1.87861e-06    5.76766e-05    0.00123338    0.0171287    0.138007    0.524812    0.603869    0.396129    0.475131    0.86076    0.965743    0.86076    0.475131    0.396129    0.603869    0.524812    0.138007    0.0171287    0.00123338    5.76766e-05    1.87861e-06    4.46709e-08    8.01574e-10    1.11173e-11    1.21277e-13    1.05377e-15    7.35621e-18    4.14734e-20    1.89228e-22    6.97899e-25    0
0    3.13254e-24    7.4508e-22    1.4459e-19    2.28783e-17    2.94144e-15    3.05345e-13    2.53491e-11    1.66059e-09    8.42922e-08    3.23457e-06    9.07051e-05    0.00177169    0.0224407    0.164213    0.561318    0.570908    0.429088    0.438591    0.834015    0.955119    0.834015    0.438591    0.429088    0.570908    0.561318    0.164213    0.0224407    0.00177169    9.07051e-05    3.23457e-06    8.42922e-08    1.66059e-09    2.53491e-11    3.05345e-13    2.94144e-15    2.28783e-17    1.4459e-19    7.4508e-22    3.13254e-24    0
0    1.29553e-23    2.73196e-21    4.73605e-19    6.73586e-17    7.82395e-15    7.36826e-13    5.56829e-11    3.32958e-09    1.5459e-07    5.43374e-06    0.000139669    0.00249988    0.0289638    0.192973    0.59395    0.536433    0.463561    0.405911    0.804528    0.942072    0.804528    0.405911    0.463561    0.536433    0.59395    0.192973    0.0289638    0.00249988    0.000139669    5.43374e-06    1.5459e-07    3.32958e-09    5.56829e-11    7.36826e-13    7.82395e-15    6.73586e-17    4.73605e-19    2.73196e-21    1.29553e-23    0
0    4.98386e-23    9.40037e-21    1.46676e-18    1.88736e-16    1.99189e-14    1.71048e-12    1.18206e-10    6.47843e-09    2.76167e-07    8.92246e-06    0.000210892    0.00346911    0.0368622    0.224102    0.621996    0.501805    0.498186    0.377793    0.772429    0.926276    0.772429    0.377793    0.498186    0.501805    0.621996    0.224102    0.0368622    0.00346911    0.000210892    8.92246e-06    2.76167e-07    6.47843e-09    1.18206e-10    1.71048e-12    1.99189e-14    1.88736e-16    1.46676e-18    9.40037e-21    4.98386e-23    0
0    1.79729e-22    3.05489e-20    4.31804e-18    5.05543e-16    4.87222e-14    3.83218e-12    2.43167e-10    1.22606e-08    4.81509e-07    1.43444e-05    0.000312678    0.00473969    0.0462992    0.257337    0.644862    0.468342    0.531643    0.354825    0.737923    0.907402    0.737923    0.354825    0.531643    0.468342    0.644862    0.257337    0.0462992    0.00473969    0.000312678    1.43444e-05    4.81509e-07    1.22606e-08    2.43167e-10    3.83218e-12    4.87222e-14    5.05543e-16    4.31804e-18    3.05489e-20    1.79729e-22    0
0    6.11513e-22    9.42686e-20    1.21387e-17    1.2995e-15    1.14878e-13    8.3094e-12    4.85908e-10    2.2615e-08    8.20789e-07    2.26111e-05    0.000455751    0.00638159    0.0574309    0.292338    0.662087    0.437278    0.562699    0.337457    0.701281    0.885138    0.701281    0.337457    0.562699    0.437278    0.662087    0.292338    0.0574309    0.00638159    0.000455751    2.26111e-05    8.20789e-07    2.2615e-08    4.85908e-10    8.3094e-12    1.14878e-13    1.2995e-15    1.21387e-17    9.42686e-20    6.11513e-22    0
0    1.97375e-21    2.77496e-19    3.27125e-17    3.21637e-15    2.61843e-13    1.74807e-11    9.45164e-10    4.07299e-08    1.36999e-06    3.49913e-05    0.000653751    0.00847473    0.0704012    0.328687    0.673367    0.409715    0.590248    0.325979    0.662839    0.859198    0.662839    0.325979    0.590248    0.409715    0.673367    0.328687    0.0704012    0.00847473    0.000653751    3.49913e-05    1.36999e-06    4.07299e-08    9.45164e-10    1.74807e-11    2.61843e-13    3.21637e-15    3.27125e-17    2.77496e-19    1.97375e-21    0
0    6.07148e-21    7.82318e-19    8.47986e-17    7.68767e-15    5.7841e-13    3.57566e-11    1.79299e-09    7.17395e-08    2.24211e-06    5.32228e-05    0.000923773    0.0111089    0.0853351    0.3659    0.678563    0.386595    0.613349    0.320513    0.622991    0.82933    0.622991    0.320513    0.613349    0.386595    0.678563    0.3659    0.0853351    0.0111089    0.000923773    5.32228e-05    2.24211e-06    7.17395e-08    1.79299e-09    3.57566e-11    5.7841e-13    7.68767e-15    8.47986e-17    7.82318e-19    6.07148e-21    0
0    1.7871e-20    2.11954e-18    2.12073e-16    1.77902e-14    1.24105e-12    7.1253e-11    3.32271e-09    1.23753e-07    3.60233e-06    7.965e-05    0.00128694    0.0143835    0.102332    0.403434    0.677713    0.368662    0.631255    0.320999    0.582183    0.795335    0.582183    0.320999    0.631255    0.368662    0.677713    0.403434    0.102332    0.0143835    0.00128694    7.965e-05    3.60233e-06    1.23753e-07    3.32271e-09    7.1253e-11    1.24105e-12    1.77902e-14    2.12073e-16    2.11954e-18    1.7871e-20    0
0    5.05084e-20    5.53529e-18    5.13029e-16    3.99495e-14    2.59158e-12    1.38564e-10    6.02422e-09    2.09349e-07    5.68825e-06    0.00011739    0.001769    0.0184066    0.121461    0.440699    0.67103    0.356445    0.643432    0.327201    0.540894    0.757078    0.540894    0.327201    0.643432    0.356445    0.67103    0.440699    0.121461    0.0184066    0.001769    0.00011739    5.68825e-06    2.09349e-07    6.02422e-09    1.38564e-10    2.59158e-12    3.99495e-14    5.13029e-16    5.53529e-18    5.05084e-20    0
0    1.37489e-19    1.39711e-17    1.20328e-15    8.72308e-14    5.27632e-12    2.63372e-10    1.07001e-08    3.477e-07    8.83639e-06    0.000170528    0.00240092    0.0232939    0.142752    0.477076    0.658898    0.350244    0.649576    0.338701    0.49963    0.714496    0.49963    0.338701    0.649576    0.350244    0.658898    0.477076    0.142752    0.0232939    0.00240092    0.000170528    8.83639e-06    3.477e-07    1.07001e-08    2.63372e-10    5.27632e-12    8.72308e-14    1.20328e-15    1.39711e-17    1.37489e-19    0
0    3.6143e-19    3.41617e-17    2.7419e-15    1.85543e-13    1.04901e-11    4.89966e-10    1.86417e-08    5.67568e-07    1.35166e-05    0.000244354    0.00321947    0.0291669    0.166191    0.511927    0.641861    0.350123    0.649619    0.354919    0.458906    0.667618    0.458906    0.354919    0.649619    0.350123    0.641861    0.511927    0.166191    0.0291669    0.00321947    0.000244354    1.35166e-05    5.67568e-07    1.86417e-08    4.89966e-10    1.04901e-11    1.85543e-13    2.7419e-15    3.41617e-17    3.6143e-19    0
0    9.1976e-19    8.10916e-17    6.08146e-15    3.85072e-13    2.03956e-11    8.93283e-10    3.18909e-08    9.11437e-07    2.03756e-05    0.000345623    0.00426774    0.0361506    0.191717    0.544621    0.620607    0.355914    0.64372    0.375125    0.419228    0.616565    0.419228    0.375125    0.64372    0.355914    0.620607    0.544621    0.191717    0.0361506    0.00426774    0.000345623    2.03756e-05    9.11437e-07    3.18909e-08    8.93283e-10    2.03956e-11    3.85072e-13    6.08146e-15    8.10916e-17    9.1976e-19    0
0    2.27061e-18    1.87224e-16    1.31509e-14    7.80917e-13    3.88299e-11    1.59785e-09    5.36257e-08    1.44115e-06    3.02925e-05    0.00048286    0.00559562    0.0443711    0.219217    0.574545    0.595946    0.36723    0.632256    0.398457    0.381084    0.561565    0.381084    0.398457    0.632256    0.36723    0.595946    0.574545    0.219217    0.0443711    0.00559562    0.00048286    3.02925e-05    1.44115e-06    5.36257e-08    1.59785e-09    3.88299e-11    7.80917e-13    1.31509e-14    1.87224e-16    2.27061e-18    0
0    5.44828e-18    4.21143e-16    2.77684e-14    1.54957e-12    7.24739e-11    2.8071e-09    8.87154e-08    2.24551e-06    4.44466e-05    0.000666699    0.00726012    0.0539524    0.248522    0.60113    0.568784    0.383484    0.615805    0.423953    0.344917    0.502956    0.344917    0.423953    0.615805    0.383484    0.568784    0.60113    0.248522    0.0539524    0.00726012    0.000666699    4.44466e-05    2.24551e-06    8.87154e-08    2.8071e-09    7.24739e-11    1.54957e-12    2.77684e-14    4.21143e-16    5.44828e-18    0
0    1.27284e-17    9.24378e-16    5.73305e-14    3.01226e-12    1.32755e-10    4.84809e-09    1.44514e-07    3.4503e-06    6.44011e-05    0.00091025    0.00932561    0.0650124    0.279407    0.623866    0.540093    0.403914    0.595112    0.450578    0.311121    0.441186    0.311121    0.450578    0.595112    0.403914    0.540093    0.623866    0.279407    0.0650124    0.00932561    0.00091025    6.44011e-05    3.4503e-06    1.44514e-07    4.84809e-09    1.32755e-10    3.01226e-12    5.73305e-14    9.24378e-16    1.27284e-17    0
0    2.89978e-17    1.98256e-15    1.15878e-13    5.74282e-12    2.38892e-10    8.23858e-09    2.31974e-07    5.23155e-06    9.22047e-05    0.0012295    0.0118638    0.0776595    0.311592    0.642319    0.510877    0.427617    0.571061    0.477253    0.280021    0.376815    0.280021    0.477253    0.571061    0.427617    0.510877    0.642319    0.311592    0.0776595    0.0118638    0.0012295    9.22047e-05    5.23155e-06    2.31974e-07    8.23858e-09    2.38892e-10    5.74282e-12    1.15878e-13    1.98256e-15    2.89978e-17    0
0    6.45127e-17    4.16015e-15    2.29555e-13    1.07486e-11    4.22694e-10    1.37864e-08    3.67192e-07    7.83253e-06    0.000130511    0.00164371    0.0149536    0.091988    0.344746    0.656151    0.482144    0.453588    0.544638    0.502895    0.251861    0.310508    0.251861    0.502895    0.544638    0.453588    0.482144    0.656151    0.344746    0.091988    0.0149536    0.00164371    0.000130511    7.83253e-06    3.67192e-07    1.37864e-08    4.22694e-10    1.07486e-11    2.29555e-13    4.16015e-15    6.45127e-17    0
0    1.40339e-16    8.55075e-15    4.4617e-13    1.97686e-11    7.36014e-10    2.27347e-08    5.73529e-07    1.15856e-05    0.000182723    0.0021759    0.0186807    0.108074    0.378486    0.665128    0.454865    0.480755    0.516887    0.526443    0.226798    0.243028    0.226798    0.526443    0.516887    0.480755    0.454865    0.665128    0.378486    0.108074    0.0186807    0.0021759    0.000182723    1.15856e-05    5.73529e-07    2.27347e-08    7.36014e-10    1.97686e-11    4.4617e-13    8.55075e-15    1.40339e-16    0
0    2.98866e-16    1.72334e-14    8.51632e-13    3.57579e-11    1.26216e-09    3.69709e-08    8.8448e-07    1.694e-05    0.000253156    0.0028532    0.0231367    0.12597    0.412388    0.669137    0.429947    0.508024    0.48887    0.546899    0.204893    0.175223    0.204893    0.546899    0.48887    0.508024    0.429947    0.669137    0.412388    0.12597    0.0231367    0.0028532    0.000253156    1.694e-05    8.8448e-07    3.69709e-08    1.26216e-09    3.57579e-11    8.51632e-13    1.72334e-14    2.98866e-16    0
0    6.2375e-16    3.40907e-14    1.59781e-12    6.36621e-11    2.13313e-09    5.93252e-08    1.34751e-06    2.4496e-05    0.000347226    0.00370733    0.0284181    0.145701    0.445994    0.668186    0.408202    0.53432    0.461625    0.563355    0.186112    0.108012    0.186112    0.563355    0.461625    0.53432    0.408202    0.668186    0.445994    0.145701    0.0284181    0.00370733    0.000347226    2.4496e-05    1.34751e-06    5.93252e-08    2.13313e-09    6.36621e-11    1.59781e-12    3.40907e-14    6.2375e-16    0
0    1.27707e-15    6.62506e-14    2.949e-12    1.1164e-10    3.55532e-09    9.39893e-08    2.02915e-06    3.50478e-05    0.00047167    0.00477497    0.0346253    0.167263    0.478819    0.662413    0.390318    0.558629    0.436124    0.575021    0.170322    0.0423624    0.170322    0.575021    0.436124    0.558629    0.390318    0.662413    0.478819    0.167263    0.0346253    0.00477497    0.00047167    3.50478e-05    2.02915e-06    9.39893e-08    3.55532e-09    1.1164e-10    2.949e-12    6.62506e-14    1.27707e-15    0
0    2.56735e-15    1.26588e-13    5.35827e-12    1.92968e-10    5.84742e-09    1.47101e-07    3.02161e-06    4.96356e-05    0.000634782    0.00609808    0.0418603    0.190614    0.510364    0.652083    0.376839    0.58003    0.413238    0.581252    0.1573    -0.0207277    0.1573    0.581252    0.413238    0.58003    0.376839    0.652083    0.510364    0.190614    0.0418603    0.00609808    0.000634782    4.96356e-05    3.02161e-06    1.47101e-07    5.84742e-09    1.92968e-10    5.35827e-12    1.26588e-13    2.56735e-15    0
0    5.07216e-15    2.38003e-13    9.59133e-12    3.28965e-10    9.49551e-09    2.27545e-07    4.45148e-06    6.96088e-05    0.000846674    0.00772418    0.0502253    0.215675    0.540128    0.637584    0.368143    0.59773    0.393699    0.581562    0.146736    -0.0802572    0.146736    0.581562    0.393699    0.59773    0.368143    0.637584    0.540128    0.215675    0.0502253    0.00772418    0.000846674    6.96088e-05    4.45148e-06    2.27545e-07    9.49551e-09    3.28965e-10    9.59133e-12    2.38003e-13    5.07216e-15    0
0    9.85556e-15    4.40621e-13    1.69246e-11    5.53433e-10    1.52324e-08    3.48048e-07    6.49068e-06    9.6701e-05    0.00111957    0.00970652    0.0598197    0.242326    0.567623    0.619416    0.364438    0.611095    0.378079    0.575646    0.138252    -0.135247    0.138252    0.575646    0.378079    0.611095    0.364438    0.619416    0.567623    0.242326    0.0598197    0.00970652    0.00111957    9.6701e-05    6.49068e-06    3.48048e-07    1.52324e-08    5.53433e-10    1.69246e-11    4.40621e-13    9.85556e-15    0
0    1.88481e-14    8.03771e-13    2.94581e-11    9.19326e-10    2.41507e-08    5.26649e-07    9.37055e-06    0.00013312    0.00146811    0.0121041    0.0707381    0.270405    0.592383    0.59818    0.365749    0.619662    0.366765    0.56338    0.131406    -0.184767    0.131406    0.56338    0.366765    0.619662    0.365749    0.59818    0.592383    0.270405    0.0707381    0.0121041    0.00146811    0.00013312    9.37055e-06    5.26649e-07    2.41507e-08    9.19326e-10    2.94581e-11    8.03771e-13    1.88481e-14    0
0    3.55013e-14    1.44562e-12    5.06038e-11    1.50863e-09    3.78616e-08    7.88664e-07    1.33995e-05    0.000181651    0.00190966    0.0149817    0.0830668    0.299707    0.613981    0.574562    0.371924    0.623162    0.359947    0.544828    0.125718    -0.227963    0.125718    0.544828    0.359947    0.623162    0.371924    0.574562    0.613981    0.299707    0.0830668    0.0149817    0.00190966    0.000181651    1.33995e-05    7.88664e-07    3.78616e-08    1.50863e-09    5.06038e-11    1.44562e-12    3.55013e-14    0
0    6.59007e-14    2.56494e-12    8.58381e-11    2.44689e-09    5.87171e-08    1.16928e-06    1.89848e-05    0.00024578    0.00246465    0.0184094    0.0968811    0.329986    0.632042    0.549311    0.382637    0.621517    0.357609    0.520236    0.120684    -0.264086    0.120684    0.520236    0.357609    0.621517    0.382637    0.549311    0.632042    0.329986    0.0968811    0.0184094    0.00246465    0.00024578    1.89848e-05    1.16928e-06    5.87171e-08    2.44689e-09    8.58381e-11    2.56494e-12    6.59007e-14    0
0    1.20631e-13    4.49201e-12    1.4385e-10    3.92424e-09    9.01154e-08    1.71694e-06    2.66599e-05    0.000329829    0.00315689    0.0224624    0.112242    0.360953    0.646255    0.523221    0.397406    0.614844    0.359536    0.490023    0.115798    -0.292513    0.115798    0.490023    0.359536    0.614844    0.397406    0.523221    0.646255    0.360953    0.112242    0.0224624    0.00315689    0.000329829    2.66599e-05    1.71694e-06    9.01154e-08    3.92424e-09    1.4385e-10    4.49201e-12    1.20631e-13    0
0    2.1787e-13    7.76894e-12    2.38273e-10    6.2257e-09    1.3692e-07    2.49777e-06    3.71173e-05    0.000439118    0.00401392    0.0272201    0.129192    0.392287    0.656384    0.497104    0.415607    0.603444    0.365322    0.454762    0.110572    -0.312774    0.110572    0.454762    0.365322    0.603444    0.415607    0.497104    0.656384    0.392287    0.129192    0.0272201    0.00401392    0.000439118    3.71173e-05    2.49777e-06    1.3692e-07    6.2257e-09    2.38273e-10    7.76894e-12    2.1787e-13    0
0    3.8844e-13    1.32754e-11    3.90264e-10    9.77422e-09    2.06026e-07    3.60118e-06    5.12485e-05    0.000580134    0.00506727    0.0327655    0.147753    0.423631    0.66228    0.471764    0.436502    0.587784    0.374383    0.415165    0.104554    -0.324568    0.104554    0.415165    0.374383    0.587784    0.436502    0.471764    0.66228    0.423631    0.147753    0.0327655    0.00506727    0.000580134    5.12485e-05    3.60118e-06    2.06026e-07    9.77422e-09    3.90264e-10    1.32754e-11    3.8844e-13    0
0    6.83995e-13    2.24229e-11    6.32326e-10    1.51914e-08    3.07122e-07    5.14712e-06    7.01921e-05    0.000760733    0.00635272    0.0391837    0.167923    0.454603    0.663885    0.447977    0.459262    0.568478    0.385986    0.372054    0.0973504    -0.32778    0.0973504    0.372054    0.385986    0.568478    0.459262    0.447977    0.663885    0.454603    0.167923    0.0391837    0.00635272    0.000760733    7.01921e-05    5.14712e-06    3.07122e-07    1.51914e-08    6.32326e-10    2.24229e-11    6.83995e-13    0
0    1.1901e-12    3.7452e-11    1.01388e-09    2.33824e-08    4.53698e-07    7.29511e-06    9.53907e-05    0.000990347    0.00791057    0.0465611    0.189672    0.4848    0.661237    0.426461    0.483002    0.546254    0.399275    0.326336    0.0886429    -0.322489    0.0886429    0.326336    0.399275    0.546254    0.483002    0.426461    0.661237    0.4848    0.189672    0.0465611    0.00791057    0.000990347    9.53907e-05    7.29511e-06    4.53698e-07    2.33824e-08    1.01388e-09    3.7452e-11    1.1901e-12    0
0    2.04692e-12    6.18828e-11    1.60935e-09    3.56527e-08    6.64385e-07    1.02556e-05    0.000128658    0.00128021    0.00978572    0.054983    0.212942    0.513811    0.654477    0.407859    0.506808    0.521928    0.413303    0.278969    0.078201    -0.308975    0.078201    0.278969    0.413303    0.521928    0.506808    0.407859    0.654477    0.513811    0.212942    0.054983    0.00978572    0.00128021    0.000128658    1.02556e-05    6.64385e-07    3.56527e-08    1.60935e-09    6.18828e-11    2.04692e-12    0
0    3.48163e-12    1.0119e-10    2.52979e-09    5.387e-08    9.64697e-07    1.43043e-05    0.000172257    0.00164362    0.0120278    0.0645326    0.237641    0.541219    0.643845    0.392713    0.529777    0.496364    0.427075    0.230939    0.065895    -0.287718    0.065895    0.230939    0.427075    0.496364    0.529777    0.392713    0.643845    0.541219    0.237641    0.0645326    0.0120278    0.00164362    0.000172257    1.43043e-05    9.64697e-07    5.387e-08    2.52979e-09    1.0119e-10    3.48163e-12    0
0    5.85861e-12    1.63806e-10    3.93934e-09    8.06822e-08    1.3893e-06    1.9799e-05    0.000228989    0.00209615    0.0146911    0.0752882    0.263644    0.566618    0.629675    0.381448    0.55104    0.470442    0.439579    0.183219    0.0517033    -0.259389    0.0517033    0.183219    0.439579    0.470442    0.55104    0.381448    0.629675    0.566618    0.263644    0.0752882    0.0146911    0.00209615    0.000228989    1.9799e-05    1.3893e-06    8.06822e-08    3.93934e-09    1.63806e-10    5.85861e-12    0
0    9.75648e-12    2.62598e-10    6.07856e-09    1.19813e-07    1.98491e-06    2.72016e-05    0.000302302    0.00265596    0.0178344    0.0873214    0.290794    0.589618    0.612392    0.374362    0.569802    0.445017    0.449827    0.136748    0.0357158    -0.224838    0.0357158    0.136748    0.449827    0.445017    0.569802    0.374362    0.612392    0.589618    0.290794    0.0873214    0.0178344    0.00265596    0.000302302    2.72016e-05    1.98491e-06    1.19813e-07    6.07856e-09    2.62598e-10    9.75648e-12    0
0    1.60852e-11    4.17021e-10    9.29697e-09    1.76457e-07    2.81403e-06    3.7103e-05    0.0003964    0.00334402    0.0215207    0.100694    0.318897    0.609858    0.592501    0.37161    0.585361    0.420888    0.456897    0.0923976    0.0181331    -0.185075    0.0181331    0.0923976    0.456897    0.420888    0.585361    0.37161    0.592501    0.609858    0.318897    0.100694    0.0215207    0.00334402    0.0003964    3.7103e-05    2.81403e-06    1.76457e-07    9.29697e-09    4.17021e-10    1.60852e-11    0
0    2.62624e-11    6.56234e-10    1.40982e-08    2.57806e-07    3.95967e-06    5.02545e-05    0.000516381    0.00418437    0.0258171    0.115458    0.347728    0.627014    0.570574    0.373205    0.597138    0.398764    0.459961    0.0509493    -0.000738968    -0.141249    -0.000738968    0.0509493    0.459961    0.398764    0.597138    0.373205    0.570574    0.627014    0.347728    0.115458    0.0258171    0.00418437    0.000516381    5.02545e-05    3.95967e-06    2.57806e-07    1.40982e-08    6.56234e-10    2.62624e-11    0
0    4.24767e-11    1.02357e-09    2.12021e-08    3.73736e-07    5.53125e-06    6.76043e-05    0.000668381    0.00520437    0.0307935    0.131647    0.377029    0.640813    0.547239    0.379013    0.604693    0.379235    0.458324    0.0130742    -0.0204993    -0.0946124    -0.0204993    0.0130742    0.458324    0.379235    0.604693    0.379013    0.547239    0.640813    0.377029    0.131647    0.0307935    0.00520437    0.000668381    6.76043e-05    5.53125e-06    3.73736e-07    2.12021e-08    1.02357e-09    4.24767e-11    0
0    6.80772e-11    1.58287e-09    3.16295e-08    5.37716e-07    7.67197e-06    9.03411e-05    0.000859733    0.0064349    0.0365226    0.149282    0.406513    0.651038    0.523156    0.38876    0.607735    0.362753    0.451443    -0.0206841    -0.040665    -0.0464935    -0.040665    -0.0206841    0.451443    0.362753    0.607735    0.38876    0.523156    0.651038    0.406513    0.149282    0.0365226    0.0064349    0.000859733    9.03411e-05    7.67197e-06    5.37716e-07    3.16295e-08    1.58287e-09    6.80772e-11    0
0    1.08145e-10    2.4275e-09    4.68173e-08    7.67978e-07    1.0568e-05    0.000119945    0.00109914    0.00791055    0.0430784    0.168362    0.435871    0.657539    0.499009    0.40204    0.606138    0.349606    0.438953    -0.049921    -0.0606892    0.00174193    -0.0606892    -0.049921    0.438953    0.349606    0.606138    0.40204    0.499009    0.657539    0.435871    0.168362    0.0430784    0.00791055    0.00109914    0.000119945    1.0568e-05    7.67978e-07    4.68173e-08    2.4275e-09    1.08145e-10    0
0    1.70325e-10    3.69283e-09    6.87729e-08    1.08903e-06    1.44599e-05    0.000158247    0.00139688    0.00966977    0.0505353    0.188864    0.464771    0.660239    0.475477    0.418331    0.599935    0.339919    0.420682    -0.0743768    -0.0799814    0.0487288    -0.0799814    -0.0743768    0.420682    0.339919    0.599935    0.418331    0.475477    0.660239    0.464771    0.188864    0.0505353    0.00966977    0.00139688    0.000158247    1.44599e-05    1.08903e-06    6.87729e-08    3.69283e-09    1.70325e-10    0
0    2.66026e-10    5.57373e-09    1.0028e-07    1.53359e-06    1.96559e-05    0.000207498    0.00176495    0.0117549    0.0589669    0.210741    0.492866    0.659136    0.453222    0.43701    0.589316    0.333639    0.396652    -0.0939381    -0.0979305    0.0931414    -0.0979305    -0.0939381    0.396652    0.333639    0.589316    0.43701    0.453222    0.659136    0.492866    0.210741    0.0589669    0.0117549    0.00176495    0.000207498    1.96559e-05    1.53359e-06    1.0028e-07    5.57373e-09    2.66026e-10    0
0    4.12144e-10    8.34862e-09    1.45173e-07    2.14503e-06    2.65491e-05    0.000270445    0.00221735    0.0142123    0.0684441    0.233923    0.519802    0.654311    0.432863    0.457374    0.574617    0.330546    0.367087    -0.108633    -0.113929    0.133733    -0.113929    -0.108633    0.367087    0.330546    0.574617    0.457374    0.432863    0.654311    0.519802    0.233923    0.0684441    0.0142123    0.00221735    0.000270445    2.65491e-05    2.14503e-06    1.45173e-07    8.34862e-09    4.12144e-10    0
0    6.33506e-10    1.24124e-08    2.08697e-07    2.98052e-06    3.56372e-05    0.000350422    0.00277023    0.017092    0.0790338    0.258308    0.545225    0.645927    0.414964    0.478665    0.556304    0.33026    0.332399    -0.118624    -0.127398    0.169371    -0.127398    -0.118624    0.332399    0.33026    0.556304    0.478665    0.414964    0.645927    0.545225    0.258308    0.0790338    0.017092    0.00277023    0.000350422    3.56372e-05    2.98052e-06    2.08697e-07    1.24124e-08    6.33506e-10    0
0    9.66322e-10    1.83212e-08    2.97976e-07    4.11486e-06    4.75467e-05    0.000451449    0.00344213    0.0204479    0.0907968    0.283769    0.568786    0.634226    0.400012    0.500096    0.534955    0.332255    0.293179    -0.124193    -0.137811    0.199073    -0.137811    -0.124193    0.293179    0.332255    0.534955    0.500096    0.400012    0.634226    0.568786    0.283769    0.0907968    0.0204479    0.00344213    0.000451449    4.75467e-05    4.11486e-06    2.97976e-07    1.83212e-08    9.66322e-10    0
0    1.46302e-09    2.68531e-08    4.22627e-07    5.64535e-06    6.30608e-05    0.000578344    0.00425418    0.0243373    0.103786    0.310151    0.590151    0.619528    0.388403    0.520874    0.51123    0.335886    0.250176    -0.125724    -0.14472    0.222038    -0.14472    -0.125724    0.250176    0.335886    0.51123    0.520874    0.388403    0.619528    0.590151    0.310151    0.103786    0.0243373    0.00425418    0.000578344    6.30608e-05    5.64535e-06    4.22627e-07    2.68531e-08    1.46302e-09    0
0    2.19899e-09    3.90887e-08    5.95548e-07    7.69776e-06    8.31536e-05    0.000736844    0.0052303    0.0288203    0.118044    0.33727    0.609009    0.602225    0.380429    0.540232    0.485849    0.340414    0.204271    -0.123686    -0.14777    0.237668    -0.14777    -0.123686    0.204271    0.340414    0.485849    0.540232    0.380429    0.602225    0.609009    0.33727    0.118044    0.0288203    0.0052303    0.000736844    8.31536e-05    7.69776e-06    5.95548e-07    3.90887e-08    2.19899e-09    0
0    3.28187e-09    5.65201e-08    8.33926e-07    1.04337e-05    0.000109029    0.000933742    0.00639739    0.0339597    0.133603    0.364913    0.625083    0.582773    0.376272    0.557447    0.459556    0.345035    0.156448    -0.118609    -0.146726    0.245589    -0.146726    -0.118609    0.156448    0.345035    0.459556    0.557447    0.376272    0.582773    0.625083    0.364913    0.133603    0.0339597    0.00639739    0.000933742    0.000109029    1.04337e-05    8.33926e-07    5.65201e-08    3.28187e-09    0
0    4.86432e-09    8.11932e-08    1.16053e-06    1.40596e-05    0.000142165    0.00117703    0.00778547    0.0398199    0.150478    0.392845    0.638131    0.561678    0.375991    0.571872    0.433098    0.348915    0.107761    -0.111063    -0.141477    0.245663    -0.141477    -0.111063    0.107761    0.348915    0.433098    0.571872    0.375991    0.561678    0.638131    0.392845    0.150478    0.0398199    0.00778547    0.00117703    0.000142165    1.40596e-05    1.16053e-06    8.11932e-08    4.86432e-09    0
0    7.1614e-09    1.15896e-07    1.60533e-06    1.88376e-05    0.000184369    0.00147605    0.00942781    0.0464663    0.16867    0.420807    0.647963    0.539491    0.379526    0.58295    0.407185    0.351225    0.0592965    -0.101633    -0.132053    0.237995    -0.132053    -0.101633    0.0592965    0.351225    0.407185    0.58295    0.379526    0.539491    0.647963    0.420807    0.16867    0.0464663    0.00942781    0.00147605    0.000184369    1.88376e-05    1.60533e-06    1.15896e-07    7.1614e-09    0
0    1.04742e-08    1.64406e-07    2.20756e-06    2.50985e-05    0.000237834    0.00184168    0.011361    0.0539643    0.188162    0.448518    0.654437    0.516789    0.386695    0.590236    0.38247    0.351176    0.0121422    -0.0908973    -0.118624    0.222926    -0.118624    -0.0908973    0.0121422    0.351176    0.38247    0.590236    0.386695    0.516789    0.654437    0.448518    0.188162    0.0539643    0.011361    0.00184168    0.000237834    2.50985e-05    2.20756e-06    1.64406e-07    1.04742e-08    0
0    1.52216e-08    2.31809e-07    3.01826e-06    3.32579e-05    0.000305211    0.00228646    0.0136251    0.0623783    0.208915    0.475685    0.657477    0.494163    0.3972    0.593409    0.35952    0.348049    -0.0326521    -0.0794089    -0.101503    0.201026    -0.101503    -0.0794089    -0.0326521    0.348049    0.35952    0.593409    0.3972    0.494163    0.657477    0.475685    0.208915    0.0623783    0.0136251    0.00228646    0.000305211    3.32579e-05    3.01826e-06    2.31809e-07    1.52216e-08    0
0    2.19827e-08    3.2491e-07    4.1035e-06    4.38345e-05    0.00038968    0.00282481    0.0162632    0.0717702    0.23087    0.502003    0.657065    0.4722    0.410637    0.592282    0.338795    0.34123    -0.074107    -0.0676738    -0.0811347    0.173075    -0.0811347    -0.0676738    -0.074107    0.34123    0.338795    0.592282    0.410637    0.4722    0.657065    0.502003    0.23087    0.0717702    0.0162632    0.00282481    0.00038968    4.38345e-05    4.1035e-06    3.2491e-07    2.19827e-08    0
0    3.15532e-08    4.52767e-07    5.54826e-06    5.74722e-05    0.000495043    0.00347319    0.0193221    0.0821979    0.253946    0.527159    0.653254    0.45147    0.426507    0.586803    0.320628    0.330233    -0.111344    -0.0561376    -0.05809    0.140041    -0.05809    -0.0561376    -0.111344    0.330233    0.320628    0.586803    0.426507    0.45147    0.653254    0.527159    0.253946    0.0821979    0.0193221    0.00347319    0.000495043    5.74722e-05    5.54826e-06    4.52767e-07    3.15532e-08    0
0    4.50203e-08    6.27367e-07    7.46131e-06    7.49663e-05    0.000625811    0.00425029    0.0228513    0.0937144    0.278036    0.550845    0.646164    0.432509    0.444228    0.577059    0.305219    0.314724    -0.143614    -0.045173    -0.0330446    0.103043    -0.0330446    -0.045173    -0.143614    0.314724    0.305219    0.577059    0.444228    0.432509    0.646164    0.550845    0.278036    0.0937144    0.0228513    0.00425029    0.000625811    7.49663e-05    7.46131e-06    6.27367e-07    4.50203e-08    0
0    6.38607e-08    8.64484e-07    9.98107e-06    9.72939e-05    0.000787315    0.00517714    0.026903    0.106365    0.303012    0.572755    0.635985    0.415801    0.463161    0.563268    0.292624    0.294537    -0.170315    -0.0350716    -0.00675951    0.0633238    -0.00675951    -0.0350716    -0.170315    0.294537    0.292624    0.563268    0.463161    0.415801    0.635985    0.572755    0.303012    0.106365    0.026903    0.00517714    0.000787315    9.72939e-05    9.98107e-06    8.64484e-07    6.38607e-08    0
0    9.00687e-08    1.18476e-06    1.32828e-05    0.000125648    0.000985817    0.00627736    0.0315322    0.120188    0.328718    0.592601    0.622971    0.401768    0.482621    0.54577    0.282754    0.269683    -0.191016    -0.0260395    0.0199433    0.0222029    0.0199433    -0.0260395    -0.191016    0.269683    0.282754    0.54577    0.482621    0.401768    0.622971    0.592601    0.328718    0.120188    0.0315322    0.00627736    0.000985817    0.000125648    1.32828e-05    1.18476e-06    9.00687e-08    0
0    1.26323e-07    1.61507e-06    1.75872e-05    0.000161481    0.00122863    0.00757721    0.0367953    0.13521    0.354978    0.610111    0.607441    0.390757    0.501904    0.525011    0.275384    0.240352    -0.20546    -0.0181973    0.0462088    -0.0189632    0.0462088    -0.0181973    -0.20546    0.240352    0.275384    0.525011    0.501904    0.390757    0.607441    0.610111    0.354978    0.13521    0.0367953    0.00757721    0.00122863    0.000161481    1.75872e-05    1.61507e-06    1.26323e-07    0
0    1.76201e-07    2.19021e-06    2.31708e-05    0.000206546    0.00152426    0.00910576    0.0427504    0.151445    0.381591    0.625043    0.589772    0.383023    0.520307    0.501524    0.27016    0.206913    -0.213573    -0.0115836    0.0711785    -0.0588259    0.0711785    -0.0115836    -0.213573    0.206913    0.27016    0.501524    0.520307    0.383023    0.589772    0.625043    0.381591    0.151445    0.0427504    0.00910576    0.00152426    0.000206546    2.31708e-05    2.19021e-06    1.76201e-07    0
0    2.44458e-07    2.95502e-06    3.03784e-05    0.000262955    0.00188253    0.0108949    0.049456    0.168895    0.408338    0.637188    0.570387    0.37873    0.537149    0.475911    0.266617    0.169902    -0.215461    -0.00616225    0.0940206    -0.0960884    0.0940206    -0.00616225    -0.215461    0.169902    0.266617    0.475911    0.537149    0.37873    0.570387    0.637188    0.408338    0.168895    0.049456    0.0108949    0.00188253    0.000262955    3.03784e-05    2.95502e-06    2.44458e-07    0
0    3.37375e-07    3.96696e-06    3.96375e-05    0.000333234    0.00231473    0.0129796    0.0569704    0.187545    0.434978    0.646377    0.549755    0.377937    0.551795    0.448818    0.264199    0.130004    -0.211403    -0.00183204    0.11396    -0.129549    0.11396    -0.00183204    -0.211403    0.130004    0.264199    0.448818    0.551795    0.377937    0.549755    0.646377    0.434978    0.187545    0.0569704    0.0129796    0.00231473    0.000333234    3.96375e-05    3.96696e-06    3.37375e-07    0
0    4.63215e-07    5.2993e-06    5.14758e-05    0.000420391    0.00283376    0.0153975    0.0653506    0.207363    0.461258    0.652485    0.52837    0.380602    0.563672    0.420908    0.262286    0.0880346    -0.201835    0.00156038    0.130306    -0.158139    0.130306    0.00156038    -0.201835    0.0880346    0.262286    0.420908    0.563672    0.380602    0.52837    0.652485    0.461258    0.207363    0.0653506    0.0153975    0.00283376    0.000420391    5.14758e-05    5.2993e-06    4.63215e-07    0
0    6.32784e-07    7.04505e-06    6.65416e-05    0.000527994    0.00345429    0.0181893    0.0746515    0.2283    0.486912    0.65544    0.506748    0.386574    0.572291    0.39284    0.260217    0.0449087    -0.187334    0.00420631    0.14248    -0.18096    0.14248    0.00420631    -0.187334    0.0449087    0.260217    0.39284    0.572291    0.386574    0.506748    0.65544    0.486912    0.2283    0.0746515    0.0181893    0.00345429    0.000527994    6.65416e-05    7.04505e-06    6.32784e-07    0
0    8.60147e-07    9.32164e-06    8.56269e-05    0.000660244    0.00419292    0.0213984    0.0849241    0.250287    0.511665    0.655223    0.485412    0.395606    0.577258    0.36524    0.25732    0.00161341    -0.168596    0.00631957    0.150037    -0.197313    0.150037    0.00631957    -0.168596    0.00161341    0.25732    0.36524    0.577258    0.395606    0.485412    0.655223    0.511665    0.250287    0.0849241    0.0213984    0.00419292    0.000660244    8.56269e-05    9.32164e-06    8.60147e-07    0
0    1.16352e-06    1.22767e-05    0.000109695    0.000822075    0.00506827    0.0250707    0.0962152    0.273234    0.535239    0.651872    0.464876    0.407352    0.578288    0.338681    0.252946    -0.0408269    -0.146406    0.00812085    0.152684    -0.206718    0.152684    0.00812085    -0.146406    -0.0408269    0.252946    0.338681    0.578288    0.407352    0.464876    0.651872    0.535239    0.273234    0.0962152    0.0250707    0.00506827    0.000822075    0.000109695    1.22767e-05    1.16352e-06    0
0    1.5664e-06    1.60948e-05    0.000139913    0.00101924    0.00610118    0.0292544    0.108565    0.297031    0.55736    0.645484    0.445634    0.421383    0.575214    0.31366    0.246492    -0.0813852    -0.121615    0.0098225    0.150291    -0.208936    0.150291    0.0098225    -0.121615    -0.0813852    0.246492    0.31366    0.575214    0.421383    0.445634    0.645484    0.55736    0.297031    0.108565    0.0292544    0.00610118    0.00101924    0.000139913    1.60948e-05    1.5664e-06    0
0    2.09889e-06    2.10057e-05    0.000177686    0.00125844    0.0073148    0.0339997    0.122006    0.321546    0.577759    0.636217    0.428149    0.437195    0.567985    0.290584    0.23743    -0.119067    -0.0951076    0.0116145    0.1429    -0.203969    0.1429    0.0116145    -0.0951076    -0.119067    0.23743    0.290584    0.567985    0.437195    0.428149    0.636217    0.577759    0.321546    0.122006    0.0339997    0.0073148    0.00125844    0.000177686    2.10057e-05    2.09889e-06    0
0    2.79946e-06    2.72945e-05    0.0002247    0.00154739    0.00873472    0.0393582    0.136563    0.346628    0.59618    0.624285    0.412835    0.454224    0.556674    0.26975    0.225335    -0.152944    -0.0677725    0.013652    0.130729    -0.192064    0.130729    0.013652    -0.0677725    -0.152944    0.225335    0.26975    0.556674    0.454224    0.412835    0.624285    0.59618    0.346628    0.136563    0.0393582    0.00873472    0.00154739    0.0002247    2.72945e-05    2.79946e-06    0
0    3.71699e-06    3.53123e-05    0.000282967    0.00189499    0.010389    0.0453825    0.152248    0.372105    0.612387    0.609957    0.400049    0.471863    0.541469    0.251341    0.209901    -0.182187    -0.0404748    0.0160462    0.114158    -0.173704    0.114158    0.0160462    -0.0404748    -0.182187    0.209901    0.251341    0.541469    0.471863    0.400049    0.609957    0.612387    0.372105    0.152248    0.0453825    0.010389    0.00189499    0.000282967    3.53123e-05    3.71699e-06    0
0    4.9133e-06    4.54907e-05    0.000354878    0.00231141    0.0123083    0.0521256    0.169063    0.397786    0.626166    0.593554    0.39008    0.489481    0.522668    0.235419    0.190961    -0.206092    -0.0140291    0.0188562    0.0937281    -0.149587    0.0937281    0.0188562    -0.0140291    -0.206092    0.190961    0.235419    0.522668    0.489481    0.39008    0.593554    0.626166    0.397786    0.169063    0.0521256    0.0123083    0.00231141    0.000354878    4.54907e-05    4.9133e-06    0
0    6.46625e-06    5.83573e-05    0.000443259    0.00280823    0.0145257    0.0596398    0.186996    0.423464    0.637336    0.575443    0.38314    0.506436    0.500661    0.221925    0.168495    -0.224106    0.0108248    0.0220861    0.0701161    -0.120603    0.0701161    0.0220861    0.0108248    -0.224106    0.168495    0.221925    0.500661    0.506436    0.38314    0.575443    0.637336    0.423464    0.186996    0.0596398    0.0145257    0.00280823    0.000443259    5.83573e-05    6.46625e-06    0
0    8.47345e-06    7.45539e-05    0.000551442    0.00339857    0.0170772    0.0679765    0.206021    0.448916    0.645748    0.556028    0.379356    0.522101    0.475926    0.210684    0.142637    -0.235844    0.0334421    0.0256836    0.0441166    -0.0878045    0.0441166    0.0256836    0.0334421    -0.235844    0.142637    0.210684    0.475926    0.522101    0.379356    0.556028    0.645748    0.448916    0.206021    0.0679765    0.0170772    0.00339857    0.000551442    7.45539e-05    8.47345e-06    0
0    1.10567e-05    9.48586e-05    0.000683327    0.00409723    0.0200008    0.0771846    0.226093    0.473907    0.651294    0.535743    0.378766    0.535876    0.448999    0.201415    0.113675    -0.241105    0.0532889    0.0295431    0.0166135    -0.0523678    0.0166135    0.0295431    0.0532889    -0.241105    0.113675    0.201415    0.448999    0.535876    0.378766    0.535743    0.651294    0.473907    0.226093    0.0771846    0.0200008    0.00409723    0.000683327    9.48586e-05    1.10567e-05    0
0    1.43674e-05    0.00012021    0.000843466    0.00492079    0.0233373    0.0873099    0.247155    0.498194    0.653912    0.515044    0.381317    0.547212    0.420466    0.193744    0.0820422    -0.239873    0.0699543    0.0335108    -0.01145    -0.0155515    -0.01145    0.0335108    0.0699543    -0.239873    0.0820422    0.193744    0.420466    0.547212    0.381317    0.515044    0.653912    0.498194    0.247155    0.0873099    0.0233373    0.00492079    0.000843466    0.00012021    1.43674e-05    0
