4    1
0    0    0    0    0    0    0    0    0    0    0    0    0    0    0    0    0    1    1    1    1    1    1    1    0    0    0    0    0    0    0    0    0    0    0    0    0    0    0    0    0
0    0    0    0    0    0    0    0    0    0    0    0    0    0    0    0    0.005    0.995    1    1    1    1    1    0.995    0.005    0    0    0    0    0    0    0    0    0    0    0    0    0    0    0    0
0    0    0    0    0    0    0    0    0    0    0    0    0    0    0    5e-05    0.01985    0.98015    0.99995    1    1    1    0.99995    0.98015    0.01985    5e-05    0    0    0    0    0    0    0    0    0    0    0    0    0    0    0
0    0    0    0    0    0    0    0    0    0    0    0    0    0    5e-07    0.0002975    0.044105    0.955895    0.999703    1    1    1    0.999703    0.955895    0.044105    0.0002975    5e-07    0    0    0    0    0    0    0    0    0    0    0    0    0    0
0    0    0    0    0    0    0    0    0    0    0    0    0    5e-09    3.965e-06    0.000980105    0.0770398    0.92296    0.99902    0.999996    1    0.999996    0.99902    0.92296    0.0770398    0.000980105    3.965e-06    5e-09    0    0    0    0    0    0    0    0    0    0    0    0    0
0    0    0    0    0    0    0    0    0    0    0    0    5e-11    4.955e-08    1.71518e-05    0.00241355    0.117673    0.882327    0.997586    0.999983    1    0.999983    0.997586    0.882327    0.117673    0.00241355    1.71518e-05    4.955e-08    5e-11    0    0    0    0    0    0    0    0    0    0    0    0
0    0    0    0    0    0    0    0    0    0    0    5e-13    5.945e-10    2.64627e-07    5.41315e-05    0.00497562    0.164801    0.835199    0.995024    0.999946    0.999999    0.999946    0.995024    0.835199    0.164801    0.00497562    5.41315e-05    2.64627e-07    5.945e-10    5e-13    0    0    0    0    0    0    0    0    0    0    0
0    0    0    0    0    0    0    0    0    0    5e-15    6.935e-12    3.77339e-09    1.01573e-06    0.000139787    0.00908673    0.217034    0.782966    0.990913    0.99986    0.999998    0.99986    0.990913    0.782966    0.217034    0.00908673    0.000139787    1.01573e-06    3.77339e-09    6.935e-12    5e-15    0    0    0    0    0    0    0    0    0    0
0    0    0    0    0    0    0    0    0    5e-17    7.925e-14    5.09653e-11    1.70342e-08    3.14444e-06    0.000313525    0.0151878    0.272847    0.727153    0.984812    0.999686    0.999994    0.999686    0.984812    0.727153    0.272847    0.0151878    0.000313525    3.14444e-06    1.70342e-08    5.09653e-11    7.925e-14    5e-17    0    0    0    0    0    0    0    0    0
0    0    0    0    0    0    0    0    5e-19    8.915e-16    6.61568e-13    2.64319e-10    6.13992e-08    8.34567e-06    0.000632902    0.0237168    0.330626    0.669374    0.976283    0.999367    0.999983    0.999367    0.976283    0.669374    0.330626    0.0237168    0.000632902    8.34567e-06    6.13992e-08    2.64319e-10    6.61568e-13    8.915e-16    5e-19    0    0    0    0    0    0    0    0
0    0    0    0    0    0    0    5e-21    9.905e-18    8.33085e-15    3.87386e-12    1.08639e-09    1.87996e-07    1.97096e-05    0.00117687    0.035084    0.388724    0.611276    0.964916    0.998823    0.999961    0.998823    0.964916    0.611276    0.388724    0.035084    0.00117687    1.97096e-05    1.87996e-07    1.08639e-09    3.87386e-12    8.33085e-15    9.905e-18    5e-21    0    0    0    0    0    0    0
0    0    0    0    0    0    5e-23    1.0895e-19    1.02421e-16    5.43422e-14    1.78726e-11    3.76672e-09    5.07939e-07    4.245e-05    0.00204834    0.0496485    0.445511    0.554489    0.950351    0.997951    0.999915    0.997951    0.950351    0.554489    0.445511    0.0496485    0.00204834    4.245e-05    5.07939e-07    3.76672e-09    1.78726e-11    5.43422e-14    1.02421e-16    1.0895e-19    5e-23    0    0    0    0    0    0
0    0    0    0    0    5e-25    1.1885e-21    1.23493e-18    7.36311e-16    2.77994e-13    6.91816e-11    1.14513e-08    1.24226e-06    8.48299e-05    0.00337576    0.0676957    0.499429    0.500571    0.932304    0.996623    0.99983    0.996623    0.932304    0.500571    0.499429    0.0676957    0.00337576    8.48299e-05    1.24226e-06    1.14513e-08    6.91816e-11    2.77994e-13    7.36311e-16    1.23493e-18    1.1885e-21    5e-25    0    0    0    0    0
0    0    0    0    5e-27    1.2875e-23    1.46525e-20    9.69933e-18    4.13543e-15    1.18791e-12    2.33623e-10    3.13301e-08    2.80015e-06    0.000159283    0.00531346    0.089417    0.549041    0.450959    0.910583    0.994684    0.999681    0.994684    0.910583    0.450959    0.549041    0.089417    0.00531346    0.000159283    2.80015e-06    3.13301e-08    2.33623e-10    1.18791e-12    4.13543e-15    9.69933e-18    1.46525e-20    1.2875e-23    5e-27    0    0    0    0
0    0    0    5e-29    1.3865e-25    1.71518e-22    1.24817e-19    5.93242e-17    1.9331e-14    4.41034e-12    7.06705e-10    7.85863e-08    5.89518e-06    0.000283713    0.00804066    0.114893    0.593076    0.406924    0.885106    0.991953    0.999433    0.991953    0.885106    0.406924    0.593076    0.114893    0.00804066    0.000283713    5.89518e-06    7.85863e-08    7.06705e-10    4.41034e-12    1.9331e-14    5.93242e-17    1.24817e-19    1.71518e-22    1.3865e-25    5e-29    0    0    0
0    0    5e-31    1.4855e-27    1.9847e-24    1.5749e-21    8.25728e-19    3.01074e-16    7.8244e-14    1.46118e-11    1.95156e-09    1.8323e-07    1.17102e-05    0.000482935    0.0117588    0.144083    0.630468    0.369532    0.855917    0.988229    0.999034    0.988229    0.855917    0.369532    0.630468    0.144083    0.0117588    0.000482935    1.17102e-05    1.8323e-07    1.95156e-09    1.46118e-11    7.8244e-14    3.01074e-16    8.25728e-19    1.5749e-21    1.9847e-24    1.4855e-27    5e-31    0    0
0    5e-33    1.5845e-29    2.27383e-26    1.95401e-23    1.12041e-20    4.52088e-18    1.31925e-15    2.81713e-13    4.40374e-11    4.98982e-09    4.0133e-07    2.21223e-05    0.000790203    0.0166875    0.176814    0.660387    0.339613    0.823186    0.98329    0.99842    0.98329    0.823186    0.339613    0.660387    0.176814    0.0166875    0.000790203    2.21223e-05    4.0133e-07    4.98982e-09    4.40374e-11    2.81713e-13    1.31925e-15    4.52088e-18    1.12041e-20    1.95401e-23    2.27383e-26    1.5845e-29    5e-33    0
0    1.6835e-31    2.58256e-28    2.38937e-25    1.48746e-22    6.58182e-20    2.13182e-17    5.12822e-15    9.19935e-13    1.22483e-10    1.1942e-08    8.32676e-07    3.99979e-05    0.00124876    0.0230584    0.212779    0.682262    0.317738    0.787221    0.976902    0.997502    0.976902    0.787221    0.317738    0.682262    0.212779    0.0230584    0.00124876    3.99979e-05    8.32676e-07    1.1942e-08    1.22483e-10    9.19935e-13    5.12822e-15    2.13182e-17    6.58182e-20    1.48746e-22    2.38937e-25    2.58256e-28    1.6835e-31    0
0    2.9109e-30    2.88488e-27    1.93782e-24    9.33161e-22    3.323e-19    8.8972e-17    1.80342e-14    2.76464e-12    3.17909e-10    2.69834e-08    1.64747e-06    6.95695e-05    0.00191333    0.0311084    0.251541    0.695797    0.304203    0.748457    0.968822    0.996173    0.968822    0.748457    0.304203    0.695797    0.251541    0.0311084    0.00191333    6.95695e-05    1.64747e-06    2.69834e-08    3.17909e-10    2.76464e-12    1.80342e-14    8.8972e-17    3.323e-19    9.33161e-22    1.93782e-24    2.88488e-27    2.9109e-30    0
0    3.4444e-29    2.4832e-26    1.29296e-23    5.02193e-21    1.48186e-18    3.35192e-16    5.82268e-14    7.73333e-12    7.76838e-10    5.79629e-08    3.12527e-06    0.000116899    0.00285141    0.0410708    0.292542    0.700973    0.299027    0.707455    0.958812    0.994297    0.958812    0.707455    0.299027    0.700973    0.292542    0.0410708    0.00285141    0.000116899    3.12527e-06    5.79629e-08    7.76838e-10    7.73333e-12    5.82268e-14    3.35192e-16    1.48186e-18    5.02193e-21    1.29296e-23    2.4832e-26    3.4444e-29    0
0    3.13608e-28    1.75579e-25    7.38823e-23    2.3829e-20    5.95376e-18    1.15699e-15    1.74591e-13    2.03163e-11    1.79994e-09    1.19044e-07    5.71015e-06    0.000190437    0.00414434    0.0531658    0.335112    0.698046    0.301954    0.664882    0.946644    0.991711    0.946644    0.664882    0.301954    0.698046    0.335112    0.0531658    0.00414434    0.000190437    5.71015e-06    1.19044e-07    1.79994e-09    2.03163e-11    1.74591e-13    1.15699e-15    5.95376e-18    2.3829e-20    7.38823e-23    1.75579e-25    3.13608e-28    0
0    2.34229e-27    1.06164e-24    3.71649e-22    1.01698e-19    2.18767e-17    3.70162e-15    4.90639e-13    5.04941e-11    3.97768e-09    2.34863e-07    1.00864e-05    0.000301666    0.00588795    0.0675899    0.378492    0.687529    0.312471    0.621498    0.932108    0.988224    0.932108    0.621498    0.312471    0.687529    0.378492    0.0675899    0.00588795    0.000301666    1.00864e-05    2.34863e-07    3.97768e-09    5.04941e-11    4.90639e-13    3.70162e-15    2.18767e-17    1.01698e-19    3.71649e-22    1.06164e-24    2.34229e-27    0
0    1.49405e-26    5.64299e-24    1.67897e-21    3.96304e-19    7.43794e-17    1.10788e-14    1.30185e-12    1.19444e-10    8.425e-09    4.46889e-07    1.72799e-05    0.000465842    0.00819271    0.0845061    0.421854    0.67017    0.329829    0.578129    0.915028    0.983615    0.915028    0.578129    0.329829    0.67017    0.421854    0.0845061    0.00819271    0.000465842    1.72799e-05    4.46889e-07    8.425e-09    1.19444e-10    1.30185e-12    1.10788e-14    7.43794e-17    3.96304e-19    1.67897e-21    5.64299e-24    1.49405e-26    0
0    8.36698e-26    2.69014e-23    6.91581e-21    1.42679e-18    2.36187e-16    3.12537e-14    3.28158e-12    2.70267e-10    1.71739e-08    8.2286e-07    2.87907e-05    0.000702802    0.0111833    0.104033    0.464325    0.646925    0.353074    0.535646    0.895265    0.977633    0.895265    0.535646    0.353074    0.646925    0.464325    0.104033    0.0111833    0.000702802    2.87907e-05    8.2286e-07    1.71739e-08    2.70267e-10    3.28158e-12    3.12537e-14    2.36187e-16    1.42679e-18    6.91581e-21    2.69014e-23    8.36698e-26    0
0    4.19739e-25    1.16781e-22    2.62825e-20    4.79068e-18    7.05822e-16    8.36217e-14    7.89865e-12    5.87458e-10    3.38106e-08    1.47045e-06    4.67619e-05    0.00103783    0.0149977    0.126234    0.505019    0.618916    0.381083    0.494934    0.872729    0.970005    0.872729    0.494934    0.381083    0.618916    0.505019    0.126234    0.0149977    0.00103783    4.67619e-05    1.47045e-06    3.38106e-08    5.87458e-10    7.89865e-12    8.36217e-14    7.05822e-16    4.79068e-18    2.62825e-20    1.16781e-22    4.19739e-25    0
0    1.91522e-24    4.67154e-22    9.30316e-20    1.51172e-17    1.99761e-15    2.13311e-13    1.82332e-11    1.23108e-09    6.44816e-08    2.55659e-06    7.41909e-05    0.00150254    0.0197847    0.15111    0.543065    0.587389    0.412609    0.456861    0.847387    0.960431    0.847387    0.456861    0.412609    0.587389    0.543065    0.15111    0.0197847    0.00150254    7.41909e-05    2.55659e-06    6.44816e-08    1.23108e-09    1.82332e-11    2.13311e-13    1.99761e-15    1.51172e-17    9.30316e-20    4.67154e-22    1.91522e-24    0
0    8.04394e-24    1.73852e-21    3.09097e-19    4.51184e-17    5.38269e-15    5.21085e-13    4.0516e-11    2.49509e-09    1.19441e-07    4.33416e-06    0.000115187    0.00213579    0.0257022    0.178593    0.577634    0.553671    0.446325    0.422251    0.819271    0.948596    0.819271    0.422251    0.446325    0.553671    0.577634    0.178593    0.0257022    0.00213579    0.000115187    4.33416e-06    1.19441e-07    2.49509e-09    4.0516e-11    5.21085e-13    5.38269e-15    4.51184e-17    3.09097e-19    1.73852e-21    8.04394e-24    0
0    3.1397e-23    6.06617e-21    9.70183e-19    1.28047e-16    1.38714e-14    1.22365e-12    8.69446e-11    4.904e-09    2.15378e-07    7.1781e-06    0.000175281    0.0029845    0.032913    0.208537    0.607973    0.519119    0.480873    0.391852    0.788478    0.934174    0.788478    0.391852    0.480873    0.519119    0.607973    0.208537    0.032913    0.0029845    0.000175281    7.1781e-06    2.15378e-07    4.904e-09    8.69446e-11    1.22365e-12    1.38714e-14    1.28047e-16    9.70183e-19    6.06617e-21    3.1397e-23    0
0    1.14784e-22    1.99746e-20    2.8924e-18    3.47139e-16    3.43205e-14    2.77133e-12    1.80687e-10    9.36949e-09    3.78838e-07    1.16334e-05    0.000261785    0.0041044    0.0415807    0.240719    0.633429    0.485074    0.514914    0.366309    0.755176    0.916839    0.755176    0.366309    0.514914    0.485074    0.633429    0.240719    0.0415807    0.0041044    0.000261785    1.16334e-05    3.78838e-07    9.36949e-09    1.80687e-10    2.77133e-12    3.43205e-14    3.47139e-16    2.8924e-18    1.99746e-20    1.14784e-22    0
0    3.95621e-22    6.24087e-20    8.22836e-18    9.02523e-16    8.18e-14    6.07079e-12    3.64537e-10    1.74378e-08    6.51149e-07    1.84778e-05    0.000384215    0.00556064    0.051865    0.274838    0.653475    0.45281    0.547171    0.346141    0.719602    0.89627    0.719602    0.346141    0.547171    0.45281    0.653475    0.274838    0.051865    0.00556064    0.000384215    1.84778e-05    6.51149e-07    1.74378e-08    3.64537e-10    6.07079e-12    8.18e-14    9.02523e-16    8.22836e-18    6.24087e-20    3.95621e-22    0
0    1.29263e-21    1.85882e-19    2.24256e-17    2.25794e-15    1.8836e-13    1.2895e-11    7.15536e-10    3.16724e-08    1.09539e-06    2.88012e-05    0.000554751    0.00742816    0.063916    0.310512    0.667727    0.423497    0.576473    0.331718    0.68206    0.872168    0.68206    0.331718    0.576473    0.423497    0.667727    0.310512    0.063916    0.00742816    0.000554751    2.88012e-05    1.09539e-06    3.16724e-08    7.15536e-10    1.2895e-11    1.8836e-13    2.25794e-15    2.24256e-17    1.85882e-19    1.29263e-21    0
0    4.02261e-21    5.29907e-19    5.87556e-17    5.45202e-15    4.20127e-13    2.66186e-11    1.36908e-09    5.62347e-08    1.80605e-06    4.4107e-05    0.000788762    0.00979182    0.0778681    0.347293    0.675965    0.398155    0.601799    0.323246    0.642915    0.844264    0.642915    0.323246    0.601799    0.398155    0.675965    0.347293    0.0778681    0.00979182    0.000788762    4.4107e-05    1.80605e-06    5.62347e-08    1.36908e-09    2.66186e-11    4.20127e-13    5.45202e-15    5.87556e-17    5.29907e-19    4.02261e-21    0
0    1.19712e-20    1.45093e-18    1.48436e-16    1.27389e-14    9.09731e-13    5.35048e-11    2.55785e-09    9.77465e-08    2.92222e-06    6.64364e-05    0.00110536    0.0127462    0.0938337    0.384667    0.678138    0.377629    0.622302    0.320756    0.602587    0.812333    0.602587    0.320756    0.622302    0.377629    0.678138    0.384667    0.0938337    0.0127462    0.00110536    6.64364e-05    2.92222e-06    9.77465e-08    2.55785e-09    5.35048e-11    9.09731e-13    1.27389e-14    1.48436e-16    1.45093e-18    1.19712e-20    0
0    3.41897e-20    3.82741e-18    3.62551e-16    2.88698e-14    1.91632e-12    1.04908e-10    4.67347e-09    1.66551e-07    4.64529e-06    9.85199e-05    0.00152797    0.0163951    0.111897    0.422066    0.674372    0.362554    0.637343    0.3241    0.561539    0.776206    0.561539    0.3241    0.637343    0.362554    0.674372    0.422066    0.111897    0.0163951    0.00152797    9.85199e-05    4.64529e-06    1.66551e-07    4.67347e-09    1.04908e-10    1.91632e-12    2.88698e-14    3.62551e-16    3.82741e-18    3.41897e-20    0
0    9.39985e-20    9.7532e-18    8.58152e-16    6.35901e-14    3.93395e-12    2.00968e-10    8.36217e-09    2.78524e-07    7.26232e-06    0.000143959    0.00208496    0.0208503    0.132106    0.458887    0.664964    0.353345    0.646504    0.332951    0.520262    0.735787    0.520262    0.332951    0.646504    0.353345    0.664964    0.458887    0.132106    0.0208503    0.00208496    0.000143959    7.26232e-06    2.78524e-07    8.36217e-09    2.00968e-10    3.93395e-12    6.35901e-14    8.58152e-16    9.7532e-18    9.39985e-20    0
0    2.49459e-19    2.40664e-17    1.97259e-15    1.36387e-13    7.88322e-12    3.76669e-10    1.46709e-08    4.57634e-07    1.11765e-05    0.000207441    0.0028102    0.0262304    0.154471    0.494502    0.650379    0.350184    0.649598    0.34681    0.479268    0.691057    0.479268    0.34681    0.649598    0.350184    0.650379    0.494502    0.154471    0.0262304    0.0028102    0.000207441    1.11765e-05    4.57634e-07    1.46709e-08    3.76669e-10    7.88322e-12    1.36387e-13    1.97259e-15    2.40664e-17    2.49459e-19    0
0    6.40595e-19    5.76266e-17    4.41168e-15    2.85307e-13    1.54429e-11    6.91624e-10    2.52663e-08    7.39502e-07    1.69461e-05    0.000294989    0.0037436    0.0326587    0.178954    0.528274    0.631234    0.353019    0.646669    0.365022    0.439067    0.642091    0.439067    0.365022    0.646669    0.353019    0.631234    0.528274    0.178954    0.0326587    0.0037436    0.000294989    1.69461e-05    7.39502e-07    2.52663e-08    6.91624e-10    1.54429e-11    2.85307e-13    4.41168e-15    5.76266e-17    6.40595e-19    0
0    1.59519e-18    1.34158e-16    9.61619e-15    5.82995e-13    2.96128e-11    1.24556e-09    4.27583e-08    1.17629e-06    2.53341e-05    0.000414241    0.00493168    0.0402609    0.205467    0.559583    0.608276    0.361572    0.637988    0.386791    0.400156    0.589065    0.400156    0.386791    0.637988    0.361572    0.608276    0.559583    0.205467    0.0402609    0.00493168    0.000414241    2.53341e-05    1.17629e-06    4.27583e-08    1.24556e-09    2.96128e-11    5.82995e-13    9.61619e-15    1.34158e-16    1.59519e-18    0
0    3.85945e-18    3.04183e-16    2.04597e-14    1.16525e-12    5.56519e-11    2.20247e-09    7.11706e-08    1.84333e-06    3.73695e-05    0.00057478    0.00642787    0.0491618    0.23387    0.587838    0.582365    0.375357    0.624031    0.411205    0.363    0.532261    0.363    0.411205    0.624031    0.375357    0.582365    0.587838    0.23387    0.0491618    0.00642787    0.00057478    3.73695e-05    1.84333e-06    7.11706e-08    2.20247e-09    5.56519e-11    1.16525e-12    2.04597e-14    3.04183e-16    3.85945e-18    0
0    9.08835e-18    6.7276e-16    4.25494e-14    2.28092e-12    1.02614e-10    3.82759e-09    1.16615e-07    2.8479e-06    5.44239e-05    0.000788475    0.00829287    0.0594824    0.263964    0.612498    0.554439    0.393699    0.605458    0.437266    0.328019    0.472071    0.328019    0.437266    0.605458    0.393699    0.554439    0.612498    0.263964    0.0594824    0.00829287    0.000788475    5.44239e-05    2.8479e-06    1.16615e-07    3.82759e-09    1.02614e-10    2.28092e-12    4.25494e-14    6.7276e-16    9.08835e-18    0
0    2.08631e-17    1.45347e-15    8.66041e-14    4.37754e-12    1.85823e-10    6.54334e-09    1.88244e-07    4.34093e-06    7.83029e-05    0.00106987    0.0105947    0.071336    0.2955    0.633093    0.525485    0.415766    0.583086    0.463916    0.295571    0.409001    0.295571    0.463916    0.583086    0.415766    0.525485    0.633093    0.2955    0.071336    0.0105947    0.00106987    7.83029e-05    4.34093e-06    1.88244e-07    6.54334e-09    1.85823e-10    4.37754e-12    8.66041e-14    1.45347e-15    2.08631e-17    0
0    4.67553e-17    3.07136e-15    1.72717e-13    8.2457e-12    3.30793e-10    1.10125e-08    2.99583e-07    6.53204e-06    0.000111358    0.0014366    0.0134087    0.0848238    0.328169    0.649235    0.496511    0.440603    0.557849    0.490074    0.265941    0.343661    0.265941    0.490074    0.557849    0.440603    0.496511    0.649235    0.328169    0.0848238    0.0134087    0.0014366    0.000111358    6.53204e-06    2.99583e-07    1.10125e-08    3.30793e-10    8.2457e-12    1.72717e-13    3.07136e-15    4.67553e-17    0
0    1.02426e-16    6.35545e-15    3.37863e-13    1.52586e-11    5.79354e-10    1.82606e-08    4.70361e-07    9.70909e-06    0.000156617    0.0019098    0.0168172    0.100031    0.361616    0.660639    0.468504    0.467171    0.530762    0.514669    0.239329    0.276768    0.239329    0.514669    0.530762    0.467171    0.468504    0.660639    0.361616    0.100031    0.0168172    0.0019098    0.000156617    9.70909e-06    4.70361e-07    1.82606e-08    5.79354e-10    1.52586e-11    3.37863e-13    6.35545e-15    1.02426e-16    0
0    2.19602e-16    1.28921e-14    6.48901e-13    2.77633e-11    9.99087e-10    2.98528e-08    7.29005e-07    1.42628e-05    0.00021794    0.00251455    0.0209087    0.117022    0.395437    0.667132    0.442406    0.494389    0.502878    0.536671    0.215845    0.209125    0.215845    0.536671    0.502878    0.494389    0.442406    0.667132    0.395437    0.117022    0.0209087    0.00251455    0.00021794    1.42628e-05    7.29005e-07    2.98528e-08    9.99087e-10    2.77633e-11    6.48901e-13    1.28921e-14    2.19602e-16    0
0    4.61308e-16    2.56621e-14    1.22472e-12    4.971e-11    1.69764e-09    4.8148e-08    1.116e-06    2.0718e-05    0.000300191    0.00328026    0.0257774    0.135835    0.429191    0.668661    0.419075    0.521172    0.475247    0.555127    0.195502    0.141617    0.195502    0.555127    0.475247    0.521172    0.419075    0.668661    0.429191    0.135835    0.0257774    0.00328026    0.000300191    2.0718e-05    1.116e-06    4.8148e-08    1.69764e-09    4.971e-11    1.22472e-12    2.56621e-14    4.61308e-16    0
0    9.50408e-16    5.01707e-14    2.27341e-12    8.76512e-11    2.84422e-09    7.66573e-08    1.68833e-06    2.97719e-05    0.000409448    0.00424115    0.0315217    0.156482    0.462406    0.665299    0.39926    0.546475    0.448875    0.569188    0.178217    0.0751871    0.178217    0.569188    0.448875    0.546475    0.39926    0.665299    0.462406    0.156482    0.0315217    0.00424115    0.000409448    2.97719e-05    1.68833e-06    7.66573e-08    2.84422e-09    8.76512e-11    2.27341e-12    5.01707e-14    9.50408e-16    0
0    1.92221e-15    9.64194e-14    4.15364e-12    1.52304e-10    4.70137e-09    1.20545e-07    2.52538e-06    4.23417e-05    0.000553226    0.00543653    0.0382428    0.178939    0.494591    0.657248    0.383578    0.569329    0.424681    0.578136    0.163811    0.0108174    0.163811    0.578136    0.424681    0.569329    0.383578    0.657248    0.494591    0.178939    0.0382428    0.00543653    0.000553226    4.23417e-05    2.52538e-06    1.20545e-07    4.70137e-09    1.52304e-10    4.15364e-12    9.64194e-14    1.92221e-15    0
0    3.81976e-15    1.82295e-13    7.4748e-12    2.60967e-10    7.67146e-09    1.87323e-07    3.73655e-06    5.96222e-05    0.000740728    0.00691113    0.0460428    0.203145    0.525246    0.644834    0.372491    0.58888    0.403468    0.581407    0.152018    -0.0504925    0.152018    0.581407    0.403468    0.58888    0.372491    0.644834    0.525246    0.203145    0.0460428    0.00691113    0.000740728    5.96222e-05    3.73655e-06    1.87323e-07    7.67146e-09    2.60967e-10    7.4748e-12    1.82295e-13    3.81976e-15    0
0    7.46386e-15    3.39312e-13    1.3258e-11    4.41199e-10    1.2364e-08    2.87796e-07    5.47108e-06    8.31549e-05    0.000983123    0.00871535    0.0550225    0.229001    0.553876    0.6285    0.36629    0.604412    0.385889    0.578604    0.142494    -0.107752    0.142494    0.578604    0.385889    0.604412    0.36629    0.6285    0.553876    0.229001    0.0550225    0.00871535    0.000983123    8.31549e-05    5.47108e-06    2.87796e-07    1.2364e-08    4.41199e-10    1.3258e-11    3.39312e-13    7.46386e-15    0
0    1.43518e-14    6.22196e-13    2.31913e-11    7.3638e-10    1.96916e-08    4.37348e-07    7.93061e-06    0.00011491    0.00129384    0.0109053    0.0652789    0.256366    0.580003    0.608798    0.365093    0.615379    0.372422    0.569513    0.134829    -0.160007    0.134829    0.569513    0.372422    0.615379    0.365093    0.608798    0.580003    0.256366    0.0652789    0.0109053    0.00129384    0.00011491    7.93061e-06    4.37348e-07    1.96916e-08    7.3638e-10    2.31913e-11    6.22196e-13    1.43518e-14    0
0    2.71747e-14    1.12469e-12    4.00309e-11    1.21398e-09    3.10062e-08    6.57656e-07    1.1385e-05    0.000157385    0.00168888    0.0135429    0.0769025    0.285056    0.603182    0.586371    0.368836    0.621412    0.363356    0.554104    0.128562    -0.206365    0.128562    0.554104    0.363356    0.621412    0.368836    0.586371    0.603182    0.285056    0.0769025    0.0135429    0.00168888    0.000157385    1.1385e-05    6.57656e-07    3.10062e-08    1.21398e-09    4.00309e-11    1.12469e-12    2.71747e-14    0
0    5.0701e-14    2.00528e-12    6.82209e-11    1.97776e-09    4.82893e-08    9.78971e-07    1.61921e-05    0.000213715    0.00218715    0.0166955    0.089974    0.314846    0.623011    0.561936    0.37728    0.62234    0.358778    0.532532    0.123201    -0.246024    0.123201    0.532532    0.358778    0.62234    0.37728    0.561936    0.623011    0.314846    0.089974    0.0166955    0.00218715    0.000213715    1.61921e-05    9.78971e-07    4.82893e-08    1.97776e-09    6.82209e-11    2.00528e-12    5.0701e-14    0
0    9.32661e-14    3.52847e-12    1.14844e-10    3.18557e-09    7.44162e-08    1.44311e-06    2.28224e-05    0.000287805    0.00281077    0.0204359    0.104561    0.34547    0.639148    0.536266    0.390021    0.618181    0.358573    0.505129    0.118241    -0.278299    0.118241    0.505129    0.358573    0.618181    0.390021    0.536266    0.639148    0.34547    0.104561    0.0204359    0.00281077    0.000287805    2.28224e-05    1.44311e-06    7.44162e-08    3.18557e-09    1.14844e-10    3.52847e-12    9.32661e-14    0
0    1.69251e-13    6.13047e-12    1.91062e-10    5.07497e-09    1.13518e-07    2.10736e-06    3.18886e-05    0.000384474    0.00358541    0.0248412    0.120717    0.37662    0.65132    0.510162    0.406507    0.609144    0.362429    0.472392    0.113185    -0.302643    0.113185    0.472392    0.362429    0.609144    0.406507    0.510162    0.65132    0.37662    0.120717    0.0248412    0.00358541    0.000384474    3.18886e-05    2.10736e-06    1.13518e-07    5.07497e-09    1.91062e-10    6.13047e-12    1.69251e-13    0
0    3.03155e-13    1.05222e-11    3.14269e-10    7.99996e-09    1.71473e-07    3.04948e-06    4.41829e-05    0.000509626    0.0045406    0.0299928    0.138472    0.407959    0.659332    0.484434    0.426055    0.595614    0.369852    0.434964    0.107563    -0.318671    0.107563    0.434964    0.369852    0.595614    0.426055    0.484434    0.659332    0.407959    0.138472    0.0299928    0.0045406    0.000509626    4.41829e-05    3.04948e-06    1.71473e-07    7.99996e-09    3.14269e-10    1.05222e-11    3.03155e-13    0
0    5.36218e-13    1.78491e-11    5.11295e-10    1.24828e-08    2.56574e-07    4.37415e-06    6.07203e-05    0.000670434    0.00571    0.0359746    0.157838    0.439117    0.663083    0.45987    0.447882    0.578131    0.380184    0.39361    0.100952    -0.326174    0.100952    0.39361    0.380184    0.578131    0.447882    0.45987    0.663083    0.439117    0.157838    0.0359746    0.00571    0.000670434    6.07203e-05    4.37415e-06    2.56574e-07    1.24828e-08    5.11295e-10    1.78491e-11    5.36218e-13    0
0    9.37048e-13    2.99375e-11    8.23103e-10    1.92869e-08    3.8041e-07    6.22111e-06    8.27914e-05    0.00087554    0.00713165    0.0428724    0.178798    0.469701    0.662561    0.437219    0.471132    0.557366    0.39263    0.349195    0.0929967    -0.325134    0.0929967    0.349195    0.39263    0.557366    0.471132    0.437219    0.662561    0.469701    0.178798    0.0428724    0.00713165    0.00087554    8.27914e-05    6.22111e-06    3.8041e-07    1.92869e-08    8.23103e-10    2.99375e-11    9.37048e-13    0
0    1.61851e-12    4.96674e-11    1.31162e-09    2.95175e-08    5.59041e-07    8.77537e-06    0.000112024    0.00113528    0.00884815    0.050772    0.201307    0.499305    0.657857    0.41716    0.494905    0.534091    0.406289    0.302653    0.0834219    -0.315732    0.0834219    0.302653    0.406289    0.534091    0.494905    0.41716    0.657857    0.499305    0.201307    0.050772    0.00884815    0.00113528    0.000112024    8.77537e-06    5.59041e-07    2.95175e-08    1.31162e-09    4.96674e-11    1.61851e-12    0
0    2.76428e-12    8.15364e-11    2.06957e-09    4.47614e-08    8.14541e-07    1.228e-05    0.000150457    0.00146192    0.0109068    0.0597578    0.225291    0.527515    0.649161    0.400286    0.518293    0.509146    0.420189    0.254954    0.072048    -0.298347    0.072048    0.254954    0.420189    0.509146    0.518293    0.400286    0.649161    0.527515    0.225291    0.0597578    0.0109068    0.00146192    0.000150457    1.228e-05    8.14541e-07    4.47614e-08    2.06957e-09    8.15364e-11    2.76428e-12    0
0    4.67012e-12    1.32498e-10    3.23456e-09    6.72761e-08    1.177e-06    1.70517e-05    0.000200623    0.00186989    0.0133594    0.0699104    0.250642    0.553919    0.63676    0.38708    0.540408    0.483403    0.433327    0.207079    0.0587991    -0.273554    0.0587991    0.207079    0.433327    0.483403    0.540408    0.38708    0.63676    0.553919    0.250642    0.0699104    0.0133594    0.00186989    0.000200623    1.70517e-05    1.177e-06    6.72761e-08    3.23456e-09    1.32498e-10    4.67012e-12    0
0    7.80755e-12    2.13202e-10    5.00895e-09    1.00248e-07    1.6871e-06    2.35003e-05    0.000265646    0.00237606    0.0162627    0.0813048    0.277219    0.578118    0.621033    0.377905    0.560421    0.45773    0.444703    0.159984    0.0437095    -0.242113    0.0437095    0.159984    0.444703    0.45773    0.560421    0.377905    0.621033    0.578118    0.277219    0.0813048    0.0162627    0.00237606    0.000265646    2.35003e-05    1.6871e-06    1.00248e-07    5.00895e-09    2.13202e-10    7.80755e-12    0
0    1.29208e-11    3.39809e-10    7.68776e-09    1.48135e-07    2.39947e-06    3.21523e-05    0.000349351    0.00299999    0.0196775    0.0940079    0.304845    0.599738    0.602446    0.372986    0.577582    0.432953    0.453362    0.114573    0.0269245    -0.204957    0.0269245    0.114573    0.453362    0.432953    0.577582    0.372986    0.602446    0.599738    0.304845    0.0940079    0.0196775    0.00299999    0.000349351    3.21523e-05    2.39947e-06    1.48135e-07    7.68776e-09    3.39809e-10    1.29208e-11    0
0    2.11738e-11    5.36627e-10    1.16976e-08    2.17132e-07    3.38685e-06    4.36787e-05    0.000456391    0.0037642    0.0236689    0.108076    0.333312    0.618436    0.581537    0.372407    0.59125    0.409826    0.458429    0.0716734    0.00869709    -0.163162    0.00869709    0.0716734    0.458429    0.409826    0.59125    0.372407    0.581537    0.618436    0.333312    0.108076    0.0236689    0.0037642    0.000456391    4.36787e-05    3.38685e-06    2.17132e-07    1.16976e-08    5.36627e-10    2.11738e-11    0
0    3.43696e-11    8.399e-10    1.76501e-08    3.15771e-07    4.74546e-06    5.89294e-05    0.000592381    0.00469437    0.0283053    0.123553    0.362378    0.633913    0.558906    0.376109    0.600915    0.389    0.459142    0.0320117    -0.0106191    -0.117931    -0.0106191    0.0320117    0.459142    0.389    0.600915    0.376109    0.558906    0.633913    0.362378    0.123553    0.0283053    0.00469437    0.000592381    5.89294e-05    4.74546e-06    3.15771e-07    1.76501e-08    8.399e-10    3.43696e-11    0
0    5.52769e-11    1.30322e-09    2.64158e-08    4.55726e-07    6.60161e-06    7.89727e-05    0.000764057    0.00581963    0.0336581    0.140465    0.391771    0.645925    0.535198    0.383886    0.606214    0.370994    0.454883    -0.00380498    -0.0305822    -0.070553    -0.0305822    -0.00380498    0.454883    0.370994    0.606214    0.383886    0.535198    0.645925    0.391771    0.140465    0.0336581    0.00581963    0.000764057    7.89727e-05    6.60161e-06    4.55726e-07    2.64158e-08    1.30322e-09    5.52769e-11    0
0    8.8111e-11    2.00519e-09    3.92234e-08    6.52847e-07    9.12001e-06    0.000105143    0.000979438    0.00717272    0.0398005    0.158822    0.421192    0.654289    0.511083    0.3954    0.606937    0.356179    0.445198    -0.0353026    -0.0506771    -0.0223758    -0.0506771    -0.0353026    0.445198    0.356179    0.606937    0.3954    0.511083    0.654289    0.421192    0.158822    0.0398005    0.00717272    0.000979438    0.000105143    9.12001e-06    6.52847e-07    3.92234e-08    2.00519e-09    8.8111e-11    0
0    1.39235e-10    3.06016e-09    5.77951e-08    9.28503e-07    1.2514e-05    0.000139096    0.00124801    0.00879016    0.0468069    0.178613    0.450321    0.658889    0.487243    0.410186    0.603037    0.344763    0.429818    -0.0621489    -0.0703353    0.0252353    -0.0703353    -0.0621489    0.429818    0.344763    0.603037    0.410186    0.487243    0.658889    0.450321    0.178613    0.0468069    0.00879016    0.00124801    0.000139096    1.2514e-05    9.28503e-07    5.77951e-08    3.06016e-09    1.39235e-10    0
0    2.18175e-10    4.63328e-09    8.45265e-08    1.31131e-06    1.70579e-05    0.000182873    0.00158091    0.0107123    0.0547511    0.199803    0.478818    0.659687    0.46435    0.427671    0.594625    0.336779    0.408667    -0.0841574    -0.088956    0.0709351    -0.088956    -0.0841574    0.408667    0.336779    0.594625    0.427671    0.46435    0.659687    0.478818    0.199803    0.0547511    0.0107123    0.00158091    0.000182873    1.70579e-05    1.31131e-06    8.45265e-08    4.63328e-09    2.18175e-10    0
0    3.39085e-10    6.96118e-09    1.22727e-07    1.83931e-06    2.31025e-05    0.000238972    0.00199115    0.0129836    0.0637055    0.222332    0.506334    0.656723    0.443043    0.447192    0.581966    0.332093    0.38187    -0.101286    -0.10593    0.113437    -0.10593    -0.101286    0.38187    0.332093    0.581966    0.447192    0.443043    0.656723    0.506334    0.222332    0.0637055    0.0129836    0.00199115    0.000238972    2.31025e-05    1.83931e-06    1.22727e-07    6.96118e-09    3.39085e-10    0
0    5.22825e-10    1.03805e-08    1.76935e-07    2.56278e-06    3.10932e-05    0.000310433    0.00249379    0.0156521    0.073739    0.246115    0.532514    0.650119    0.423914    0.46802    0.56546    0.330403    0.349743    -0.113629    -0.120663    0.151552    -0.120663    -0.113629    0.349743    0.330403    0.56546    0.46802    0.423914    0.650119    0.532514    0.246115    0.073739    0.0156521    0.00249379    0.000310433    3.10932e-05    2.56278e-06    1.76935e-07    1.03805e-08    5.22825e-10    0
0    7.99914e-10    1.53668e-08    2.53337e-07    3.54769e-06    4.1592e-05    0.000400935    0.00310618    0.01877    0.0849153    0.271039    0.557005    0.640076    0.407488    0.489381    0.54563    0.331257    0.312789    -0.121409    -0.132604    0.184222    -0.132604    -0.121409    0.312789    0.331257    0.54563    0.489381    0.407488    0.640076    0.557005    0.271039    0.0849153    0.01877    0.00310618    0.000400935    4.1592e-05    3.54769e-06    2.53337e-07    1.53668e-08    7.99914e-10    0
0    1.21467e-09    2.25871e-08    3.60302e-07    4.8801e-06    5.53037e-05    0.000514896    0.00384815    0.0223926    0.0972914    0.29696    0.579468    0.626877    0.394207    0.510485    0.523093    0.334071    0.271677    -0.124958    -0.141265    0.210556    -0.141265    -0.124958    0.271677    0.334071    0.523093    0.510485    0.394207    0.626877    0.579468    0.29696    0.0972914    0.0223926    0.00384815    0.000514896    5.53037e-05    4.8801e-06    3.60302e-07    2.25871e-08    1.21467e-09    0
0    1.83101e-09    3.29709e-08    5.09088e-07    6.67155e-06    7.31072e-05    0.000657594    0.00474224    0.0265788    0.110915    0.323711    0.59958    0.610877    0.384416    0.530553    0.498539    0.33815    0.227224    -0.124705    -0.146245    0.229853    -0.146245    -0.124705    0.227224    0.33815    0.498539    0.530553    0.384416    0.610877    0.59958    0.323711    0.110915    0.0265788    0.00474224    0.000657594    7.31072e-05    6.67155e-06    5.09088e-07    3.29709e-08    1.83101e-09    0
0    2.74043e-09    4.78044e-08    7.14737e-07    9.06574e-06    9.60911e-05    0.000835293    0.00581385    0.03139    0.125824    0.351092    0.617046    0.592499    0.378351    0.548839    0.472702    0.342724    0.18036    -0.121147    -0.147248    0.241628    -0.147248    -0.121147    0.18036    0.342724    0.472702    0.548839    0.378351    0.592499    0.617046    0.351092    0.125824    0.03139    0.00581385    0.000835293    9.60911e-05    9.06574e-06    7.14737e-07    4.78044e-08    2.74043e-09    0
0    4.0731e-09    6.88566e-08    9.97228e-07    1.22467e-05    0.000125597    0.00105539    0.00709143    0.0368898    0.14204    0.378879    0.631607    0.572225    0.376132    0.564659    0.446327    0.346975    0.132105    -0.114836    -0.144102    0.245626    -0.144102    -0.114836    0.132105    0.346975    0.446327    0.564659    0.376132    0.572225    0.631607    0.378879    0.14204    0.0368898    0.00709143    0.00105539    0.000125597    1.22467e-05    9.97228e-07    6.88566e-08    4.0731e-09    0
0    6.01286e-09    9.85447e-08    1.38293e-06    1.64486e-05    0.000163267    0.00132654    0.00860664    0.0431431    0.159574    0.406826    0.643047    0.550585    0.377759    0.577411    0.420141    0.35007    0.0835286    -0.106348    -0.136765    0.241829    -0.136765    -0.106348    0.0835286    0.35007    0.420141    0.577411    0.377759    0.550585    0.643047    0.406826    0.159574    0.0431431    0.00860664    0.00132654    0.000163267    1.64486e-05    1.38293e-06    9.85447e-08    6.01286e-09    0
0    8.81782e-09    1.40151e-07    1.90644e-06    2.19681e-05    0.000211102    0.00165886    0.0103944    0.0502153    0.178416    0.434662    0.6512    0.52814    0.383111    0.586593    0.394828    0.3512    0.0357193    -0.096265    -0.125339    0.230461    -0.125339    -0.096265    0.0357193    0.3512    0.394828    0.586593    0.383111    0.52814    0.6512    0.434662    0.178416    0.0502153    0.0103944    0.00165886    0.000211102    2.19681e-05    1.90644e-06    1.40151e-07    8.81782e-09    0
0    1.28479e-08    1.98108e-07    2.61291e-06    2.91782e-05    0.000271523    0.00206407    0.012493    0.0581713    0.198538    0.462102    0.655957    0.505476    0.391948    0.591823    0.370995    0.349612    -0.010255    -0.0851531    -0.110063    0.211976    -0.110063    -0.0851531    -0.010255    0.349612    0.370995    0.591823    0.391948    0.505476    0.655957    0.462102    0.198538    0.0581713    0.012493    0.00206407    0.000271523    2.91782e-05    2.61291e-06    1.98108e-07    1.28479e-08    0
0    1.86022e-08    2.78359e-07    3.56088e-06    3.85462e-05    0.000347446    0.00255563    0.0149441    0.0670742    0.219892    0.488844    0.657271    0.483182    0.403919    0.592846    0.349158    0.344639    -0.0533796    -0.0735413    -0.0913186    0.187051    -0.0913186    -0.0735413    -0.0533796    0.344639    0.349158    0.592846    0.403919    0.483182    0.657271    0.488844    0.219892    0.0670742    0.0149441    0.00255563    0.000347446    3.85462e-05    3.56088e-06    2.78359e-07    1.86022e-08    0
0    2.67679e-08    3.88838e-07    4.82588e-06    5.06533e-05    0.000442361    0.003149    0.0177927    0.076984    0.242408    0.514581    0.655159    0.461835    0.418572    0.589542    0.329711    0.335731    -0.0927256    -0.0619057    -0.0696123    0.156558    -0.0696123    -0.0619057    -0.0927256    0.335731    0.329711    0.589542    0.418572    0.461835    0.655159    0.514581    0.242408    0.076984    0.0177927    0.003149    0.000442361    5.06533e-05    4.82588e-06    3.88838e-07    2.67679e-08    0
0    3.82867e-08    5.40067e-07    6.50479e-06    6.62192e-05    0.000560427    0.00386174    0.0210867    0.0879562    0.265991    0.539002    0.649709    0.44199    0.435367    0.581931    0.312924    0.322479    -0.127479    -0.0506553    -0.0455673    0.121542    -0.0455673    -0.0506553    -0.127479    0.322479    0.312924    0.581931    0.435367    0.44199    0.649709    0.539002    0.265991    0.0879562    0.0210867    0.00386174    0.000560427    6.62192e-05    6.50479e-06    5.40067e-07    3.82867e-08    0
0    5.44405e-08    7.45926e-07    8.72119e-06    8.61301e-05    0.000706563    0.00471372    0.0248771    0.10004    0.290524    0.5618    0.641074    0.424155    0.453695    0.570164    0.298922    0.304631    -0.156964    -0.0401223    -0.019902    0.0831835    -0.019902    -0.0401223    -0.156964    0.304631    0.298922    0.570164    0.453695    0.424155    0.641074    0.5618    0.290524    0.10004    0.0248771    0.00471372    0.000706563    8.61301e-05    8.72119e-06    7.45926e-07    5.44405e-08    0
0    7.69647e-08    1.02462e-06    1.16319e-05    0.000111471    0.000886566    0.00572725    0.0292176    0.113277    0.315865    0.582678    0.629478    0.408785    0.472891    0.554519    0.287689    0.28211    -0.180665    -0.0305555    0.00659187    0.0427634    0.00659187    -0.0305555    -0.180665    0.28211    0.287689    0.554519    0.472891    0.408785    0.629478    0.582678    0.315865    0.113277    0.0292176    0.00572725    0.000886566    0.000111471    1.16319e-05    1.02462e-06    7.69647e-08    0
0    1.08196e-07    1.39991e-06    1.5435e-05    0.000143565    0.00110723    0.00692729    0.0341637    0.127699    0.341848    0.601356    0.615206    0.396263    0.492263    0.535391    0.279069    0.255017    -0.198238    -0.0221184    0.033076    0.00161988    0.033076    -0.0221184    -0.198238    0.255017    0.279069    0.535391    0.492263    0.396263    0.615206    0.601356    0.341848    0.127699    0.0341637    0.00692729    0.00110723    0.000143565    1.5435e-05    1.39991e-06    1.08196e-07    0
0    1.51262e-07    1.90264e-06    2.0379e-05    0.000184014    0.00137645    0.00834149    0.0397729    0.143328    0.368284    0.617577    0.598607    0.38689    0.511106    0.513267    0.272772    0.223632    -0.209516    -0.0148904    0.0586937    -0.0388945    0.0586937    -0.0148904    -0.209516    0.223632    0.272772    0.513267    0.511106    0.38689    0.598607    0.617577    0.368284    0.143328    0.0397729    0.00834149    0.00137645    0.000184014    2.0379e-05    1.90264e-06    1.51262e-07    0
0    2.1033e-07    2.57262e-06    2.67746e-05    0.000234751    0.0017034    0.0100003    0.0461032    0.16017    0.394964    0.631116    0.58008    0.380876    0.528728    0.488717    0.268388    0.188407    -0.214517    -0.00887293    0.0825996    -0.0774571    0.0825996    -0.00887293    -0.214517    0.188407    0.268388    0.488717    0.528728    0.380876    0.58008    0.631116    0.394964    0.16017    0.0461032    0.0100003    0.0017034    0.000234751    2.67746e-05    2.57262e-06    2.1033e-07    0
0    2.90917e-07    3.46099e-06    3.50079e-05    0.000298094    0.00209863    0.0119373    0.0532132    0.17822    0.421658    0.641782    0.560071    0.378334    0.544472    0.462364    0.265408    0.149953    -0.213432    -0.00399714    0.10399    -0.112819    0.10399    -0.00399714    -0.213432    0.149953    0.265408    0.462364    0.544472    0.378334    0.560071    0.641782    0.421658    0.17822    0.0532132    0.0119373    0.00209863    0.000298094    3.50079e-05    3.46099e-06    2.90917e-07    0
0    4.00295e-07    4.63313e-06    4.55566e-05    0.000376813    0.00257424    0.0141886    0.0611605    0.197454    0.448118    0.649431    0.539062    0.37927    0.557733    0.434863    0.263243    0.109019    -0.206619    -0.000135827    0.122133    -0.143844    0.122133    -0.000135827    -0.206619    0.109019    0.263243    0.434863    0.557733    0.37927    0.539062    0.649431    0.448118    0.197454    0.0611605    0.0141886    0.00257424    0.000376813    4.55566e-05    4.63313e-06    4.00295e-07    0
0    5.47999e-07    6.17218e-06    5.90087e-05    0.000474192    0.00314403    0.0167934    0.070001    0.217831    0.474085    0.653962    0.517559    0.383588    0.567981    0.406874    0.261251    0.0664716    -0.194584    0.00288334    0.136393    -0.16955    0.136393    0.00288334    -0.194584    0.0664716    0.261251    0.406874    0.567981    0.383588    0.517559    0.653962    0.474085    0.217831    0.070001    0.0167934    0.00314403    0.000474192    5.90087e-05    6.17218e-06    5.47999e-07    0
0    7.46465e-07    8.18335e-06    7.60842e-05    0.000594119    0.0038236    0.0197939    0.0797878    0.239293    0.499288    0.655331    0.49608    0.39109    0.574774    0.37904    0.258769    0.023261    -0.177965    0.00526294    0.146259    -0.189137    0.146259    0.00526294    -0.177965    0.023261    0.258769    0.37904    0.574774    0.39109    0.49608    0.655331    0.499288    0.239293    0.0797878    0.0197939    0.0038236    0.000594119    7.60842e-05    8.18335e-06    7.46465e-07    0
0    1.01184e-06    1.07992e-05    9.76611e-05    0.00074116    0.00463059    0.0232346    0.0905697    0.26176    0.523452    0.653547    0.475144    0.401479    0.577773    0.35196    0.255133    -0.0196067    -0.157501    0.00722021    0.151361    -0.202016    0.151361    0.00722021    -0.157501    -0.0196067    0.255133    0.35196    0.577773    0.401479    0.475144    0.653547    0.523452    0.26176    0.0905697    0.0232346    0.00463059    0.00074116    9.76611e-05    1.07992e-05    1.01184e-06    0
0    1.36496e-06    1.41857e-05    0.000124804    0.00092066    0.00558472    0.0271626    0.10239    0.285132    0.5463    0.648678    0.455255    0.414368    0.576751    0.32617    0.249719    -0.061106    -0.13401    0.00897168    0.151487    -0.207827    0.151487    0.00897168    -0.13401    -0.061106    0.249719    0.32617    0.576751    0.414368    0.455255    0.648678    0.5463    0.285132    0.10239    0.0271626    0.00558472    0.00092066    0.000124804    1.41857e-05    1.36496e-06    0
0    1.83264e-06    1.85503e-05    0.0001588    0.00113884    0.00670799    0.0316271    0.115286    0.309288    0.567559    0.640851    0.436892    0.429289    0.571599    0.302122    0.241961    -0.100226    -0.108361    0.0107185    0.146595    -0.206452    0.146595    0.0107185    -0.108361    -0.100226    0.241961    0.302122    0.571599    0.429289    0.436892    0.640851    0.567559    0.309288    0.115286    0.0316271    0.00670799    0.00113884    0.0001588    1.85503e-05    1.83264e-06    0
0    2.44918e-06    2.41501e-05    0.000201193    0.00140292    0.00802476    0.036679    0.129285    0.334087    0.586969    0.630251    0.420492    0.445709    0.562329    0.280167    0.231383    -0.136006    -0.08144    0.0126332    0.136815    -0.198017    0.136815    0.0126332    -0.08144    -0.136006    0.231383    0.280167    0.562329    0.445709    0.420492    0.630251    0.586969    0.334087    0.129285    0.036679    0.00802476    0.00140292    0.000201193    2.41501e-05    2.44918e-06    0
0    3.25823e-06    3.13034e-05    0.000253834    0.00172119    0.00956185    0.0423704    0.144406    0.359367    0.604283    0.617121    0.406442    0.463043    0.549072    0.260545    0.217618    -0.167566    -0.0541237    0.0148491    0.122443    -0.182884    0.122443    0.0148491    -0.0541237    -0.167566    0.217618    0.260545    0.549072    0.463043    0.406442    0.617121    0.604283    0.359367    0.144406    0.0423704    0.00956185    0.00172119    0.000253834    3.13034e-05    3.25823e-06    0
0    4.31514e-06    4.04015e-05    0.000318922    0.0021032    0.0113486    0.048754    0.160656    0.384946    0.619276    0.601756    0.395064    0.480672    0.532069    0.24338    0.200431    -0.19414    -0.027252    0.0174512    0.103943    -0.161645    0.103943    0.0174512    -0.027252    -0.19414    0.200431    0.24338    0.532069    0.480672    0.395064    0.601756    0.619276    0.384946    0.160656    0.048754    0.0113486    0.0021032    0.000318922    4.04015e-05    4.31514e-06    0
0    5.68978e-06    5.1924e-05    0.000399068    0.00255982    0.013417    0.0558827    0.17803    0.410625    0.631751    0.584499    0.38661    0.497959    0.511665    0.228672    0.179728    -0.215099    -0.00160216    0.0204711    0.0819221    -0.135095    0.0819221    0.0204711    -0.00160216    -0.215099    0.179728    0.228672    0.511665    0.497959    0.38661    0.584499    0.631751    0.410625    0.17803    0.0558827    0.013417    0.00255982    0.000399068    5.1924e-05    5.68978e-06    0
0    7.46985e-06    6.64556e-05    0.000497351    0.0031034    0.0158015    0.0638081    0.196509    0.43619    0.641542    0.565736    0.381248    0.514269    0.488294    0.216304    0.155566    -0.229975    0.0221334    0.0238849    0.0571163    -0.104204    0.0571163    0.0238849    0.0221334    -0.229975    0.155566    0.216304    0.488294    0.514269    0.381248    0.565736    0.641542    0.43619    0.196509    0.0638081    0.0158015    0.0031034    0.000497351    6.64556e-05    7.46985e-06    0
0    9.76509e-06    8.47062e-05    0.000617384    0.0037479    0.018539    0.0725805    0.216057    0.461412    0.648521    0.545885    0.379061    0.528989    0.462462    0.206049    0.128156    -0.238474    0.0433655    0.0276134    0.0303651    -0.0700861    0.0303651    0.0276134    0.0433655    -0.238474    0.128156    0.206049    0.462462    0.528989    0.379061    0.545885    0.648521    0.461412    0.216057    0.0725805    0.018539    0.0037479    0.000617384    8.47062e-05    9.76509e-06    0
0    1.27121e-05    0.000107534    0.000763397    0.00450901    0.021669    0.0822473    0.236624    0.486051    0.652603    0.525393    0.380042    0.541544    0.434732    0.197579    0.0978585    -0.240489    0.0616216    0.031527    0.00258175    -0.0339597    0.00258175    0.031527    0.0616216    -0.240489    0.0978585    0.197579    0.434732    0.541544    0.380042    0.525393    0.652603    0.486051    0.236624    0.0822473    0.021669    0.00450901    0.000763397    0.000107534    1.27121e-05    0
0    1.64802e-05    0.000135973    0.000940306    0.00540427    0.0252333    0.092852    0.258142    0.509861    0.653747    0.50472    0.384091    0.551417    0.405699    0.190484    0.0651749    -0.236099    0.0765556    0.035452    -0.0252775    0.00289761    -0.0252775    0.035452    0.0765556    -0.236099    0.0651749    0.190484    0.405699    0.551417    0.384091    0.50472    0.653747    0.509861    0.258142    0.092852    0.0252333    0.00540427    0.000940306    0.000135973    1.64802e-05    0
