2    1
0    0    0    0    0    0    0    0    0    0    0    0    0    0    0    0    0    0    0    0    0
0    0    0    0    0    0    0.002    0.004    0.006    0.008    0.01    0.008    0.006    0.004    0.002    0    0    0    0    0    0
0    0    0    0    0    2e-05    0.004    0.008    0.012    0.016    0.01996    0.016    0.012    0.008    0.004    2e-05    0    0    0    0    0
0    0    0    0    2e-07    7.96e-05    0.0060002    0.012    0.018    0.0239996    0.0298408    0.0239996    0.018    0.012    0.0060002    7.96e-05    2e-07    0    0    0    0
0    0    0    2e-09    1.192e-06    0.000197612    0.00800119    0.016    0.024    0.0319976    0.0396048    0.0319976    0.024    0.016    0.00800119    0.000197612    1.192e-06    2e-09    0    0    0
0    0    2e-11    1.588e-08    4.1363e-06    0.000391696    0.0100041    0.02    0.03    0.0399917    0.0492166    0.0399917    0.03    0.02    0.0100041    0.000391696    4.1363e-06    1.588e-08    2e-11    0    0
0    2e-13    1.984e-10    7.08056e-08    1.0915e-05    0.000678028    0.0120109    0.0240001    0.0359999    0.0479782    0.0586439    0.0479782    0.0359999    0.0240001    0.0120109    0.000678028    1.0915e-05    7.08056e-08    1.984e-10    2e-13    0
0    2.38e-12    1.08089e-09    2.33467e-07    2.42564e-05    0.00107102    0.0140243    0.0280002    0.0419995    0.0559515    0.067858    0.0559515    0.0419995    0.0280002    0.0140243    0.00107102    2.42564e-05    2.33467e-07    1.08089e-09    2.38e-12    0
0    1.53213e-11    4.27646e-09    6.34033e-07    4.78251e-05    0.00158307    0.0160478    0.0320006    0.0479987    0.0639043    0.0768339    0.0639043    0.0479987    0.0320006    0.0160478    0.00158307    4.78251e-05    6.34033e-07    4.27646e-09    1.53213e-11    0
0    7.07207e-11    1.3727e-08    1.50021e-06    8.62745e-05    0.00222442    0.0180863    0.0360015    0.053997    0.0718275    0.0855512    0.0718275    0.053997    0.0360015    0.0180863    0.00222442    8.62745e-05    1.50021e-06    1.3727e-08    7.07207e-11    0
0    2.61976e-10    3.79058e-08    3.19927e-06    0.000145258    0.00300301    0.0201453    0.0400031    0.0599936    0.0797095    0.093994    0.0797095    0.0599936    0.0400031    0.0201453    0.00300301    0.000145258    3.19927e-06    3.79058e-08    2.61976e-10    0
0    8.27049e-10    9.33218e-08    6.2873e-06    0.000231398    0.00392444    0.0222314    0.0440061    0.0659875    0.0875372    0.102151    0.0875372    0.0659875    0.0440061    0.0222314    0.00392444    0.000231398    6.2873e-06    9.33218e-08    8.27049e-10    0
0    2.3088e-09    2.09753e-07    1.15645e-05    0.000352217    0.00499201    0.0243522    0.0480111    0.0719771    0.0952956    0.110016    0.0952956    0.0719771    0.0480111    0.0243522    0.00499201    0.000352217    1.15645e-05    2.09753e-07    2.3088e-09    0
0    5.8419e-09    4.37656e-07    2.01347e-05    0.000516028    0.00620679    0.026516    0.0520193    0.0779602    0.102968    0.117586    0.102968    0.0779602    0.0520193    0.026516    0.00620679    0.000516028    2.01347e-05    4.37656e-07    5.8419e-09    0
0    1.36347e-08    8.58212e-07    3.34668e-05    0.000731787    0.00756775    0.0287318    0.0560318    0.0839339    0.110536    0.124865    0.110536    0.0839339    0.0560318    0.0287318    0.00756775    0.000731787    3.34668e-05    8.58212e-07    1.36347e-08    0
0    2.9737e-08    1.59641e-06    5.3456e-05    0.00100892    0.00907199    0.0310089    0.0600503    0.0898947    0.117982    0.131856    0.117982    0.0898947    0.0600503    0.0310089    0.00907199    0.00100892    5.3456e-05    1.59641e-06    2.9737e-08    0
0    6.12086e-08    2.83753e-06    8.24813e-05    0.00135713    0.010715    0.033357    0.0640768    0.0958379    0.125286    0.13857    0.125286    0.0958379    0.0640768    0.033357    0.010715    0.00135713    8.24813e-05    2.83753e-06    6.12086e-08    0
0    1.19831e-07    4.84733e-06    0.000123457    0.00178618    0.0124908    0.0357859    0.0681138    0.101758    0.132428    0.145018    0.132428    0.101758    0.0681138    0.0357859    0.0124908    0.00178618    0.000123457    4.84733e-06    1.19831e-07    0
0    2.24531e-07    7.99595e-06    0.000179873    0.00230564    0.0143925    0.0383052    0.0721639    0.107648    0.139389    0.151215    0.139389    0.107648    0.0721639    0.0383052    0.0143925    0.00230564    0.000179873    7.99595e-06    2.24531e-07    0
0    4.04699e-07    1.27856e-05    0.000255829    0.00292471    0.0164125    0.0409239    0.0762303    0.113501    0.146151    0.157175    0.146151    0.113501    0.0762303    0.0409239    0.0164125    0.00292471    0.000255829    1.27856e-05    4.04699e-07    0
0    7.0463e-07    1.98819e-05    0.000356043    0.00365198    0.0185427    0.0436506    0.0803163    0.119308    0.152697    0.162915    0.152697    0.119308    0.0803163    0.0436506    0.0185427    0.00365198    0.000356043    1.98819e-05    7.0463e-07    0
0    1.18929e-06    3.01481e-05    0.000485854    0.00449519    0.0207751    0.0464928    0.0844256    0.125058    0.159011    0.16845    0.159011    0.125058    0.0844256    0.0464928    0.0207751    0.00449519    0.000485854    3.01481e-05    1.18929e-06    0
0    1.95164e-06    4.46817e-05    0.000651202    0.0054611    0.0231019    0.0494572    0.0885618    0.130742    0.16508    0.173796    0.16508    0.130742    0.0885618    0.0494572    0.0231019    0.0054611    0.000651202    4.46817e-05    1.95164e-06    0
0    3.12178e-06    6.48532e-05    0.000858584    0.00655533    0.0255158    0.0525491    0.0927289    0.136348    0.170892    0.178968    0.170892    0.136348    0.0927289    0.0525491    0.0255158    0.00655533    0.000858584    6.48532e-05    3.12178e-06    0
0    4.87801e-06    9.23447e-05    0.001115    0.00778219    0.0280104    0.0557724    0.0969303    0.141862    0.17644    0.183979    0.17644    0.141862    0.0969303    0.0557724    0.0280104    0.00778219    0.001115    9.23447e-05    4.87801e-06    0
0    7.46013e-06    0.000129188    0.00142785    0.00914466    0.0305804    0.0591297    0.101169    0.147273    0.181718    0.188839    0.181718    0.147273    0.101169    0.0591297    0.0305804    0.00914466    0.00142785    0.000129188    7.46013e-06    0
0    1.11849e-05    0.000177801    0.00180489    0.0106443    0.0332215    0.062622    0.105449    0.152568    0.186723    0.193556    0.186723    0.152568    0.105449    0.062622    0.0332215    0.0106443    0.00180489    0.000177801    1.11849e-05    0
0    1.6464e-05    0.000241018    0.00225405    0.0122814    0.0359309    0.0662484    0.109772    0.157733    0.191454    0.198137    0.191454    0.157733    0.109772    0.0662484    0.0359309    0.0122814    0.00225405    0.000241018    1.6464e-05    0
0    2.3824e-05    0.000322121    0.00278336    0.0140546    0.0387069    0.070007    0.114139    0.162755    0.195914    0.202584    0.195914    0.162755    0.114139    0.070007    0.0387069    0.0140546    0.00278336    0.000322121    2.3824e-05    0
0    3.39288e-05    0.000424852    0.00340076    0.0159617    0.0415494    0.0738938    0.118551    0.167623    0.20011    0.206897    0.20011    0.167623    0.118551    0.0738938    0.0415494    0.0159617    0.00340076    0.000424852    3.39288e-05    0
0    4.76034e-05    0.000553434    0.00411402    0.017999    0.0444595    0.0779038    0.123007    0.172325    0.204049    0.211075    0.204049    0.172325    0.123007    0.0779038    0.0444595    0.017999    0.00411402    0.000553434    4.76034e-05    0
0    6.58604e-05    0.000712563    0.00493052    0.0201621    0.0474394    0.0820304    0.127505    0.176852    0.207741    0.215113    0.207741    0.176852    0.127505    0.0820304    0.0474394    0.0201621    0.00493052    0.000712563    6.58604e-05    0
0    8.99258e-05    0.000907405    0.00585716    0.0224457    0.0504925    0.0862658    0.132042    0.181193    0.211198    0.219003    0.211198    0.181193    0.132042    0.0862658    0.0504925    0.0224457    0.00585716    0.000907405    8.99258e-05    0
0    0.000121267    0.00114357    0.00690018    0.0248438    0.0536228    0.0906013    0.136613    0.185343    0.214433    0.222737    0.214433    0.185343    0.136613    0.0906013    0.0536228    0.0248438    0.00690018    0.00114357    0.000121267    0
0    0.000161618    0.00142708    0.00806507    0.0273503    0.0568351    0.0950271    0.141211    0.189297    0.21746    0.226304    0.21746    0.189297    0.141211    0.0950271    0.0568351    0.0273503    0.00806507    0.00142708    0.000161618    0
0    0.000213008    0.00176431    0.00935644    0.0299588    0.0601345    0.0995328    0.145828    0.193051    0.220293    0.229695    0.220293    0.193051    0.145828    0.0995328    0.0601345    0.0299588    0.00935644    0.00176431    0.000213008    0
0    0.00027778    0.00216195    0.0107779    0.032663    0.0635261    0.104107    0.150454    0.196606    0.222949    0.232898    0.222949    0.196606    0.150454    0.104107    0.0635261    0.032663    0.0107779    0.00216195    0.00027778    0
0    0.000358617    0.00262691    0.0123321    0.035457    0.0670149    0.10874    0.155078    0.199963    0.22544    0.235902    0.22544    0.199963    0.155078    0.10874    0.0670149    0.035457    0.0123321    0.00262691    0.000358617    0
0    0.00045855    0.00316624    0.0140204    0.0383353    0.0706053    0.113418    0.159688    0.203125    0.227781    0.238697    0.227781    0.203125    0.159688    0.113418    0.0706053    0.0383353    0.0140204    0.00316624    0.00045855    0
0    0.000580975    0.00378703    0.0158434    0.0412932    0.0743012    0.118131    0.164269    0.2061    0.229985    0.241273    0.229985    0.2061    0.164269    0.118131    0.0743012    0.0412932    0.0158434    0.00378703    0.000580975    0
0    0.00072965    0.00449633    0.0178003    0.0443267    0.0781053    0.122867    0.168808    0.208895    0.232063    0.243624    0.232063    0.208895    0.168808    0.122867    0.0781053    0.0443267    0.0178003    0.00449633    0.00072965    0
0    0.000908696    0.00530099    0.0198894    0.0474326    0.0820193    0.127615    0.173287    0.211521    0.234025    0.245743    0.234025    0.211521    0.173287    0.127615    0.0820193    0.0474326    0.0198894    0.00530099    0.000908696    0
0    0.00112258    0.00620762    0.0221081    0.0506091    0.0860433    0.132364    0.177693    0.21399    0.235879    0.247628    0.235879    0.21399    0.177693    0.132364    0.0860433    0.0506091    0.0221081    0.00620762    0.00112258    0
0    0.00137608    0.00722241    0.0244528    0.0538548    0.0901762    0.137103    0.182008    0.216314    0.237631    0.249278    0.237631    0.216314    0.182008    0.137103    0.0901762    0.0538548    0.0244528    0.00722241    0.00137608    0
0    0.00167429    0.00835103    0.0269192    0.0571697    0.0944152    0.141821    0.186217    0.218509    0.239287    0.250695    0.239287    0.218509    0.186217    0.141821    0.0944152    0.0571697    0.0269192    0.00835103    0.00167429    0
0    0.00202253    0.00959857    0.0295024    0.0605546    0.0987557    0.14651    0.190305    0.220589    0.240849    0.251884    0.240849    0.220589    0.190305    0.14651    0.0987557    0.0605546    0.0295024    0.00959857    0.00202253    0
0    0.00242629    0.0109694    0.0321971    0.064011    0.103192    0.151158    0.194258    0.222568    0.242319    0.252852    0.242319    0.222568    0.194258    0.151158    0.103192    0.064011    0.0321971    0.0109694    0.00242629    0
0    0.00289123    0.012467    0.0349976    0.0675411    0.107716    0.155759    0.198063    0.224462    0.243697    0.25361    0.243697    0.224462    0.198063    0.155759    0.107716    0.0675411    0.0349976    0.012467    0.00289123    0
0    0.00342301    0.0140943    0.0378983    0.0711474    0.112318    0.160301    0.201709    0.226284    0.244981    0.254169    0.244981    0.226284    0.201709    0.160301    0.112318    0.0711474    0.0378983    0.0140943    0.00342301    0
0    0.00402728    0.0158528    0.0408935    0.074833    0.116989    0.164778    0.205186    0.228047    0.24617    0.254544    0.24617    0.228047    0.205186    0.164778    0.116989    0.074833    0.0408935    0.0158528    0.00402728    0
0    0.00470953    0.0177435    0.0439776    0.0786007    0.121716    0.169182    0.208489    0.229763    0.247262    0.254752    0.247262    0.229763    0.208489    0.169182    0.121716    0.0786007    0.0439776    0.0177435    0.00470953    0
0    0.00547502    0.0197662    0.0471456    0.0824534    0.126487    0.173503    0.211611    0.231442    0.248254    0.254811    0.248254    0.231442    0.211611    0.173503    0.126487    0.0824534    0.0471456    0.0197662    0.00547502    0
0    0.00632867    0.0219198    0.0503929    0.0863933    0.131287    0.177736    0.21455    0.23309    0.249143    0.254738    0.249143    0.23309    0.21455    0.177736    0.131287    0.0863933    0.0503929    0.0219198    0.00632867    0
0    0.00727495    0.0242021    0.0537155    0.0904222    0.136103    0.181872    0.217306    0.234713    0.249928    0.254553    0.249928    0.234713    0.217306    0.181872    0.136103    0.0904222    0.0537155    0.0242021    0.00727495    0
0    0.00831775    0.0266104    0.05711    0.0945408    0.14092    0.185905    0.219882    0.236314    0.250607    0.254276    0.250607    0.236314    0.219882    0.185905    0.14092    0.0945408    0.05711    0.0266104    0.00831775    0
0    0.00946029    0.0291407    0.0605738    0.0987489    0.145723    0.189828    0.222283    0.237894    0.251179    0.253925    0.251179    0.237894    0.222283    0.189828    0.145723    0.0987489    0.0605738    0.0291407    0.00946029    0
0    0.010705    0.0317886    0.0641051    0.103045    0.150497    0.193634    0.224515    0.239451    0.251646    0.253519    0.251646    0.239451    0.224515    0.193634    0.150497    0.103045    0.0641051    0.0317886    0.010705    0
0    0.0120536    0.0345488    0.0677026    0.107426    0.155228    0.197318    0.226588    0.24098    0.25201    0.253076    0.25201    0.24098    0.226588    0.197318    0.155228    0.107426    0.0677026    0.0345488    0.0120536    0
0    0.0135065    0.0374155    0.0713657    0.111888    0.159902    0.200873    0.228512    0.242475    0.252275    0.252612    0.252275    0.242475    0.228512    0.200873    0.159902    0.111888    0.0713657    0.0374155    0.0135065    0
0    0.0150635    0.0403827    0.0750946    0.116425    0.164505    0.204295    0.230299    0.243929    0.252444    0.252141    0.252444    0.243929    0.230299    0.204295    0.164505    0.116425    0.0750946    0.0403827    0.0150635    0
0    0.016723    0.0434438    0.0788897    0.121029    0.169026    0.20758    0.231962    0.245332    0.252526    0.251676    0.252526    0.245332    0.231962    0.20758    0.169026    0.121029    0.0788897    0.0434438    0.016723    0
0    0.0184825    0.0465922    0.0827517    0.125692    0.173452    0.210722    0.233516    0.246673    0.252527    0.251228    0.252527    0.246673    0.233516    0.210722    0.173452    0.125692    0.0827517    0.0465922    0.0184825    0
0    0.0203383    0.049821    0.0866816    0.130404    0.177773    0.21372    0.234973    0.247941    0.252456    0.250806    0.252456    0.247941    0.234973    0.21372    0.177773    0.130404    0.0866816    0.049821    0.0203383    0
0    0.0222856    0.0531237    0.09068    0.135151    0.18198    0.216571    0.236347    0.249125    0.252324    0.250417    0.252324    0.249125    0.236347    0.216571    0.18198    0.135151    0.09068    0.0531237    0.0222856    0
0    0.0243183    0.0564935    0.0947476    0.139922    0.186065    0.219274    0.237651    0.250212    0.252141    0.250066    0.252141    0.250212    0.237651    0.219274    0.186065    0.139922    0.0947476    0.0564935    0.0243183    0
0    0.0264296    0.0599241    0.0988844    0.144703    0.19002    0.221828    0.238897    0.251194    0.251917    0.249756    0.251917    0.251194    0.238897    0.221828    0.19002    0.144703    0.0988844    0.0599241    0.0264296    0
0    0.0286116    0.0634094    0.10309    0.149479    0.193841    0.224235    0.240095    0.252059    0.251665    0.24949    0.251665    0.252059    0.240095    0.224235    0.193841    0.149479    0.10309    0.0634094    0.0286116    0
0    0.0308554    0.0669435    0.107362    0.154235    0.197521    0.226497    0.241255    0.252801    0.251395    0.249267    0.251395    0.252801    0.241255    0.226497    0.197521    0.154235    0.107362    0.0669435    0.0308554    0
0    0.0331516    0.0705209    0.111699    0.158954    0.201059    0.228617    0.242382    0.253414    0.251118    0.249087    0.251118    0.253414    0.242382    0.228617    0.201059    0.158954    0.111699    0.0705209    0.0331516    0
0    0.0354899    0.0741363    0.116097    0.163623    0.204451    0.230598    0.243482    0.253893    0.250844    0.248948    0.250844    0.253893    0.243482    0.230598    0.204451    0.163623    0.116097    0.0741363    0.0354899    0
0    0.0378598    0.077785    0.12055    0.168224    0.207696    0.232447    0.244557    0.254238    0.250581    0.248846    0.250581    0.254238    0.244557    0.232447    0.207696    0.168224    0.12055    0.077785    0.0378598    0
0    0.0402504    0.081462    0.125053    0.172743    0.210794    0.23417    0.245608    0.254449    0.250337    0.248779    0.250337    0.254449    0.245608    0.23417    0.210794    0.172743    0.125053    0.081462    0.0402504    0
0    0.0426505    0.0851628    0.129596    0.177166    0.213745    0.235773    0.246633    0.254531    0.250119    0.248744    0.250119    0.254531    0.246633    0.235773    0.213745    0.177166    0.129596    0.0851628    0.0426505    0
0    0.0450493    0.0888829    0.134171    0.181479    0.216551    0.237264    0.247628    0.254489    0.249931    0.248735    0.249931    0.254489    0.247628    0.237264    0.216551    0.181479    0.134171    0.0888829    0.0450493    0
0    0.0474359    0.0926175    0.138766    0.18567    0.219213    0.238652    0.248588    0.254334    0.249777    0.248751    0.249777    0.254334    0.248588    0.238652    0.219213    0.18567    0.138766    0.0926175    0.0474359    0
0    0.0498    0.0963617    0.143369    0.189726    0.221734    0.239945    0.249507    0.254075    0.249658    0.248787    0.249658    0.254075    0.249507    0.239945    0.221734    0.189726    0.143369    0.0963617    0.0498    0
0    0.0521317    0.10011    0.147965    0.19364    0.224117    0.241152    0.250375    0.253727    0.249574    0.248841    0.249574    0.253727    0.250375    0.241152    0.224117    0.19364    0.147965    0.10011    0.0521317    0
0    0.0544219    0.103858    0.152539    0.197401    0.226366    0.24228    0.251185    0.253303    0.249525    0.248909    0.249525    0.253303    0.251185    0.24228    0.226366    0.197401    0.152539    0.103858    0.0544219    0
0    0.0566622    0.107598    0.157076    0.201004    0.228484    0.243338    0.251927    0.252821    0.249508    0.24899    0.249508    0.252821    0.251927    0.243338    0.228484    0.201004    0.157076    0.107598    0.0566622    0
0    0.0588452    0.111323    0.161556    0.204442    0.230476    0.244334    0.252592    0.252296    0.249518    0.249081    0.249518    0.252296    0.252592    0.244334    0.230476    0.204442    0.161556    0.111323    0.0588452    0
0    0.0609646    0.115026    0.165963    0.207711    0.232346    0.245273    0.253171    0.251747    0.249552    0.24918    0.249552    0.251747    0.253171    0.245273    0.232346    0.207711    0.165963    0.115026    0.0609646    0
0    0.063015    0.118698    0.170279    0.21081    0.234099    0.246163    0.253657    0.25119    0.249604    0.249287    0.249604    0.25119    0.253657    0.246163    0.234099    0.21081    0.170279    0.118698    0.063015    0
0    0.064992    0.122328    0.174483    0.213736    0.23574    0.247006    0.254044    0.250642    0.249668    0.249401    0.249668    0.250642    0.254044    0.247006    0.23574    0.213736    0.174483    0.122328    0.064992    0
0    0.0668924    0.125907    0.178559    0.216489    0.237274    0.247808    0.254326    0.250118    0.24974    0.24952    0.24974    0.250118    0.254326    0.247808    0.237274    0.216489    0.178559    0.125907    0.0668924    0
0    0.0687141    0.129422    0.182488    0.219071    0.238704    0.248569    0.254501    0.249632    0.249813    0.249643    0.249813    0.249632    0.254501    0.248569    0.238704    0.219071    0.182488    0.129422    0.0687141    0
0    0.0704558    0.132861    0.186251    0.221484    0.240038    0.249291    0.254568    0.249197    0.249883    0.249769    0.249883    0.249197    0.254568    0.249291    0.240038    0.221484    0.186251    0.132861    0.0704558    0
0    0.0721169    0.13621    0.189833    0.223729    0.241278    0.249973    0.254528    0.248822    0.249945    0.249898    0.249945    0.248822    0.254528    0.249973    0.241278    0.223729    0.189833    0.13621    0.0721169    0
0    0.0736978    0.139454    0.193218    0.225812    0.24243    0.250613    0.254386    0.248516    0.249995    0.250028    0.249995    0.248516    0.254386    0.250613    0.24243    0.225812    0.193218    0.139454    0.0736978    0
0    0.0751992    0.142578    0.196391    0.227734    0.243497    0.25121    0.254147    0.248283    0.250031    0.250157    0.250031    0.248283    0.254147    0.25121    0.243497    0.227734    0.196391    0.142578    0.0751992    0
0    0.0766225    0.145566    0.19934    0.229501    0.244484    0.251759    0.253821    0.248126    0.25005    0.250284    0.25005    0.248126    0.253821    0.251759    0.244484    0.229501    0.19934    0.145566    0.0766225    0
0    0.077969    0.148403    0.202052    0.231116    0.245394    0.252255    0.253416    0.248046    0.250052    0.250406    0.250052    0.248046    0.253416    0.252255    0.245394    0.231116    0.202052    0.148403    0.077969    0
0    0.0792401    0.151072    0.204519    0.232583    0.24623    0.252695    0.252947    0.248039    0.250038    0.250521    0.250038    0.248039    0.252947    0.252695    0.24623    0.232583    0.204519    0.151072    0.0792401    0
0    0.0804371    0.153556    0.206731    0.233906    0.246993    0.253072    0.252426    0.248101    0.250009    0.250626    0.250009    0.248101    0.252426    0.253072    0.246993    0.233906    0.206731    0.153556    0.0804371    0
0    0.081561    0.155842    0.208684    0.235088    0.247687    0.253383    0.251868    0.248226    0.249967    0.250719    0.249967    0.248226    0.251868    0.253383    0.247687    0.235088    0.208684    0.155842    0.081561    0
0    0.082612    0.157913    0.210372    0.236132    0.248312    0.253621    0.251289    0.248405    0.249915    0.250797    0.249915    0.248405    0.251289    0.253621    0.248312    0.236132    0.210372    0.157913    0.082612    0
0    0.08359    0.159756    0.211793    0.23704    0.248868    0.253783    0.250704    0.248627    0.249857    0.250857    0.249857    0.248627    0.250704    0.253783    0.248868    0.23704    0.211793    0.159756    0.08359    0
0    0.0844937    0.161357    0.212947    0.237814    0.249355    0.253865    0.250129    0.248882    0.249796    0.250897    0.249796    0.248882    0.250129    0.253865    0.249355    0.237814    0.212947    0.161357    0.0844937    0
0    0.0853211    0.162706    0.213833    0.238455    0.249771    0.253864    0.24958    0.24916    0.249738    0.250915    0.249738    0.24916    0.24958    0.253864    0.249771    0.238455    0.213833    0.162706    0.0853211    0
0    0.0860691    0.163792    0.214454    0.238962    0.250116    0.253779    0.249068    0.249447    0.249685    0.25091    0.249685    0.249447    0.249068    0.253779    0.250116    0.238962    0.214454    0.163792    0.0860691    0
0    0.0867337    0.164608    0.214813    0.239336    0.250385    0.253611    0.248608    0.249732    0.249642    0.25088    0.249642    0.249732    0.248608    0.253611    0.250385    0.239336    0.214813    0.164608    0.0867337    0
0    0.0873097    0.165146    0.214916    0.239576    0.250576    0.253361    0.248209    0.250006    0.249612    0.250826    0.249612    0.250006    0.248209    0.253361    0.250576    0.239576    0.214916    0.165146    0.0873097    0
