0.0002
3.53545e-06
1.35348e-05
3.19035e-05
6.01818e-05
9.96978e-05
0.000151637
0.000217078
0.000297018
0.000392389
0.000504067
0.00063288
0.000779616
0.000945027
0.00112984
0.00133473
0.00156038
0.00180743
0.0020765
0.00236819
0.00268308
0.00302174
0.00338472
0.00377255
0.00418574
0.00462481
0.00509025
0.00558253
0.00610212
0.00664949
0.00722507
0.00782929
0.00846259
0.00912538
0.00981806
0.010541
0.0112947
0.0120794
0.0128955
0.0137434
0.0146234
0.0155359
0.0164813
0.0174598
0.0184717
0.0195175
0.0205973
0.0217115
0.0228605
0.0240444
0.0252636
0.0265183
0.0278088
0.0291354
0.0304983
0.0318978
0.0333342
0.0348076
0.0363182
0.0378665
0.0394524
0.0410764
0.0427385
0.044439
0.046178
0.0479559
0.0497727
0.0516287
0.053524
0.0554589
0.0574334
0.0594478
0.0615022
0.0635967
0.0657316
0.067907
0.0701229
0.0723796
0.0746772
0.0770158
0.0793956
0.0818166
0.084279
0.0867828
0.0893283
0.0919155
0.0945444
0.0972153
0.0999282
0.102683
0.10548
0.10832
0.111201
0.114125
0.117092
0.120101
0.123152
0.126246
0.129383
0.132563
0.135785
0.139051
0.142359
0.14571
0.149104
0.15254
0.15602
0.159543
0.163109
0.166718
0.170369
0.174064
0.177802
0.181583
0.185407
0.189274
0.193184
0.197137
0.201133
0.205172
0.209253
0.213378
0.217545
0.221756
0.226009
0.230304
0.234643
0.239023
0.243447
0.247913
0.252421
0.256972
0.261565
0.2662
0.270877
0.275596
0.280358
0.285161
0.290006
0.294892
0.29982
0.304789
0.3098
0.314852
0.319945
0.325079
0.330253
0.335469
0.340725
0.346021
0.351358
0.356735
0.362151
0.367608
0.373104
0.378639
0.384214
0.389828
0.39548
0.401172
0.406902
0.41267
0.418476
0.424321
0.430203
0.436122
0.442079
0.448073
0.454103
0.46017
0.466274
0.472413
0.478588
0.484799
0.491045
0.497326
0.503642
0.509992
0.516377
0.522795
0.529247
0.535732
0.54225
0.5488
0.555383
0.561998
0.568644
0.575322
0.582031
0.588771
0.59554
0.60234
0.609169
0.616027
0.622914
0.62983
0.636773
0.643745
0.650743
0.657768
0.66482
0.530476
0.479
0.44118
0.410439
0.384231
0.36125
0.340719
0.322132
0.305137
0.28948
0.274965
0.261443
0.248794
0.23692
0.225743
0.215194
0.205216
0.195762
0.186788
0.178259
0.170142
0.162409
0.155034
0.147995
0.141272
0.134845
0.128698
0.122816
0.117186
0.111793
0.106628
0.101677
0.0969326
0.0923839
0.0880226
0.0838406
0.0798303
0.0759843
0.0722962
0.0687594
0.0653681
0.0621165
0.0589994
0.0560116
0.0531484
0.0504051
0.0477774
0.0465791
0.047895
0.0492395
0.050613
0.0520158
0.0534484
0.0549111
0.0564042
0.0579282
0.0594834
0.0610701
0.0626888
0.0643397
0.0660233
0.0677399
0.0694899
0.0712735
0.0730912
0.0749432
0.07683
0.0787518
0.080709
0.0827019
0.0847308
0.086796
0.0888979
0.0910368
0.0932129
0.0954266
0.0976781
0.0999677
0.102296
0.104663
0.107068
0.109513
0.111998
0.114522
0.117086
0.119691
0.122335
0.125021
0.127747
0.130515
0.133324
0.136175
0.139067
0.142001
0.144978
0.147996
0.151057
0.154161
0.157308
0.160497
0.16373
0.167005
0.170324
0.173687
0.177093
0.180543
0.184036
0.187574
0.191155
0.194781
0.19845
0.202164
0.205922
0.209724
0.21357
0.217461
0.221396
0.225375
0.229399
0.233467
0.23758
0.241737
0.245938
0.250184
0.254474
0.258808
0.263186
0.267609
0.272075
0.276586
0.28114
0.285739
0.290381
0.295067
0.299796
0.304569
0.309385
0.314245
0.319147
0.324092
0.329081
0.334112
0.339185
0.344301
0.349458
0.354658
0.3599
0.365183
0.370508
0.375874
0.381281
0.386728
0.392217
0.397745
0.403314
0.408922
0.414571
0.420258
0.425985
0.43175
0.437554
0.443397
0.449277
0.455195
0.461151
0.467144
0.473174
0.47924
0.485342
0.491481
0.497654
0.503864
0.510108
0.516386
0.522699
0.529046
0.535426
0.54184
0.548286
0.554765
0.561275
0.567818
0.574391
0.580996
0.587631
0.594296
0.600991
0.607715
0.614467
0.621249
0.628058
0.634895
0.641759
0.648649
0.655566
0.662509
0.669477
0.67647
0.683487
0.690529
0.556172
0.504681
0.466843
0.436082
0.409851
0.386844
0.366284
0.347666
0.330637
0.314942
0.300388
0.286823
0.274128
0.262206
0.250977
0.240373
0.230338
0.220822
0.211785
0.203189
0.195002
0.187196
0.179745
0.172626
0.16582
0.159308
0.153073
0.147099
0.141374
0.135884
0.130617
0.125562
0.120711
0.116052
0.111578
0.10728
0.103151
0.0991828
0.09537
0.0917057
0.088184
0.0847994
0.0815464
0.0784201
0.0754157
0.0725287
0.0697547
0.0670897
0.0645296
0.0620708
0.0597097
0.0574428
0.0585081
0.0600525
0.0616276
0.0632338
0.0648714
0.0665408
0.0682424
0.0699764
0.0717431
0.073543
0.0753763
0.0772433
0.0791444
0.0810799
0.0830501
0.0850552
0.0870956
0.0891716
0.0912835
0.0934316
0.0956161
0.0978373
0.100096
0.102391
0.104724
0.107095
0.109504
0.111951
0.114437
0.116961
0.119525
0.122128
0.12477
0.127452
0.130174
0.132936
0.135738
0.138581
0.141464
0.144388
0.147354
0.15036
0.153408
0.156498
0.159629
0.162802
0.166017
0.169274
0.172573
0.175915
0.179299
0.182725
0.186195
0.189707
0.193262
0.196859
0.2005
0.204184
0.207911
0.211681
0.215494
0.219351
0.223251
0.227194
0.23118
0.23521
0.239284
0.2434
0.24756
0.251763
0.25601
0.2603
0.264633
0.269009
0.273428
0.277891
0.282397
0.286945
0.291537
0.296171
0.300848
0.305568
0.31033
0.315135
0.319982
0.324871
0.329802
0.334776
0.339791
0.344848
0.349946
0.355086
0.360267
0.365489
0.370752
0.376055
0.3814
0.386784
0.392209
0.397673
0.403177
0.408721
0.414304
0.419926
0.425587
0.431286
0.437024
0.442799
0.448613
0.454464
0.460352
0.466277
0.472239
0.478238
0.484272
0.490343
0.496449
0.50259
0.508766
0.514976
0.521221
0.5275
0.533813
0.540158
0.546537
0.552948
0.559391
0.565866
0.572372
0.57891
0.585478
0.592077
0.598705
0.605363
0.61205
0.618766
0.62551
0.632282
0.639081
0.645907
0.65276
0.659639
0.666544
0.673474
0.680429
0.687409
0.694412
0.701439
0.567067
0.515561
0.477706
0.446928
0.42068
0.397655
0.377078
0.358441
0.341393
0.325679
0.311104
0.297519
0.284803
0.272859
0.261608
0.250981
0.240923
0.231384
0.222323
0.213702
0.20549
0.197658
0.190181
0.183036
0.176203
0.169663
0.163399
0.157397
0.151643
0.146123
0.140826
0.135741
0.130858
0.126168
0.121661
0.117331
0.113168
0.109167
0.105319
0.10162
0.0980633
0.0946428
0.0913535
0.0881904
0.0851486
0.0822237
0.0794113
0.0767073
0.0741078
0.071609
0.0692074
0.0668996
0.0646822
0.062552
0.063985
0.0656293
0.0673053
0.0690133
0.0707537
0.0725267
0.0743328
0.0761721
0.0780451
0.079952
0.0818931
0.0838688
0.0858794
0.0879251
0.0900062
0.0921231
0.0942759
0.0964651
0.0986908
0.100953
0.103253
0.10559
0.107965
0.110377
0.112828
0.115317
0.117844
0.120411
0.123016
0.125661
0.128345
0.131069
0.133832
0.136636
0.13948
0.142365
0.14529
0.148256
0.151263
0.154311
0.1574
0.160531
0.163703
0.166917
0.170173
0.17347
0.17681
0.180192
0.183617
0.187083
0.190592
0.194144
0.197738
0.201375
0.205055
0.208777
0.212543
0.216351
0.220202
0.224096
0.228034
0.232014
0.236037
0.240103
0.244213
0.248365
0.25256
0.256799
0.26108
0.265404
0.269771
0.274181
0.278634
0.283129
0.287667
0.292248
0.296871
0.301536
0.306244
0.310994
0.315787
0.320621
0.325497
0.330415
0.335375
0.340376
0.345418
0.350502
0.355626
0.360792
0.365998
0.371245
0.376533
0.38186
0.387228
0.392635
0.398082
0.403569
0.409094
0.414659
0.420262
0.425904
0.431584
0.437302
0.443058
0.448852
0.454683
0.46055
0.466455
0.472396
0.478373
0.484386
0.490435
0.496519
0.502638
0.508792
0.51498
0.521202
0.527458
0.533747
0.540069
0.546424
0.552812
0.559231
0.565682
0.572165
0.578678
0.585222
0.591795
0.598399
0.605032
0.611694
0.618385
0.625104
0.631851
0.638625
0.645426
0.652253
0.659107
0.665986
0.672891
0.67982
0.686773
0.693751
0.700752
0.707776
0.573401
0.521891
0.484032
0.453249
0.426996
0.403966
0.383382
0.364738
0.347683
0.331962
0.317379
0.303785
0.29106
0.279107
0.267846
0.257209
0.247141
0.237591
0.228518
0.219886
0.211661
0.203817
0.196327
0.189168
0.182321
0.175767
0.169489
0.163472
0.157702
0.152166
0.146853
0.141752
0.136852
0.132144
0.12762
0.123272
0.119091
0.115071
0.111205
0.107486
0.10391
0.10047
0.0971601
0.0939765
0.0909139
0.0879679
0.0851342
0.0824086
0.0797871
0.0772662
0.0748421
0.0725116
0.0702712
0.0681178
0.0660485
0.0670475
0.0687466
0.0704779
0.0722417
0.0740382
0.0758679
0.077731
0.0796279
0.0815589
0.0835242
0.0855242
0.0875591
0.0896293
0.091735
0.0938766
0.0960543
0.0982683
0.100519
0.102807
0.105131
0.107494
0.109894
0.112331
0.114807
0.117322
0.119875
0.122467
0.125098
0.127768
0.130478
0.133227
0.136017
0.138846
0.141716
0.144626
0.147577
0.150568
0.153601
0.156675
0.159789
0.162946
0.166144
0.169383
0.172665
0.175988
0.179353
0.18276
0.18621
0.189702
0.193236
0.196813
0.200432
0.204094
0.207798
0.211546
0.215336
0.219168
0.223044
0.226963
0.230924
0.234928
0.238975
0.243066
0.247199
0.251374
0.255593
0.259855
0.264159
0.268506
0.272896
0.277329
0.281804
0.286321
0.290882
0.295484
0.300129
0.304816
0.309545
0.314317
0.31913
0.323985
0.328881
0.33382
0.338799
0.34382
0.348882
0.353985
0.359129
0.364314
0.369539
0.374804
0.38011
0.385456
0.390841
0.396266
0.40173
0.407233
0.412776
0.418357
0.423976
0.429634
0.43533
0.441063
0.446834
0.452643
0.458488
0.46437
0.470289
0.476243
0.482234
0.48826
0.494322
0.500418
0.506549
0.512715
0.518914
0.525148
0.531415
0.537715
0.544047
0.550412
0.556809
0.563238
0.569698
0.576189
0.582711
0.589263
0.595844
0.602455
0.609096
0.615764
0.622462
0.629187
0.635939
0.642718
0.649524
0.656357
0.663215
0.670098
0.677006
0.683939
0.690896
0.697876
0.704879
0.711905
0.577532
0.526023
0.488166
0.457384
0.431131
0.4081
0.387516
0.368872
0.351816
0.336093
0.321509
0.307913
0.295186
0.283231
0.271966
0.261327
0.251254
0.2417
0.232623
0.223986
0.215757
0.207907
0.200412
0.193247
0.186394
0.179833
0.173549
0.167525
0.161747
0.156204
0.150883
0.145773
0.140865
0.136149
0.131616
0.127258
0.123067
0.119037
0.115161
0.111432
0.107845
0.104394
0.101073
0.0978778
0.0948035
0.0918455
0.0889995
0.0862614
0.0836272
0.0810933
0.0786561
0.0763121
0.0740581
0.071891
0.0698076
0.0679932
0.0697082
0.0714554
0.0732352
0.0750479
0.0768938
0.0787733
0.0806866
0.0826341
0.084616
0.0866327
0.0886844
0.0907714
0.0928941
0.0950527
0.0972474
0.0994786
0.101747
0.104051
0.106394
0.108773
0.111191
0.113646
0.116139
0.118671
0.121242
0.123852
0.1265
0.129188
0.131916
0.134683
0.13749
0.140338
0.143225
0.146153
0.149122
0.152131
0.155182
0.158273
0.161406
0.16458
0.167796
0.171053
0.174352
0.177693
0.181076
0.184501
0.187968
0.191478
0.19503
0.198624
0.202261
0.20594
0.209662
0.213427
0.217234
0.221084
0.224977
0.228913
0.232891
0.236912
0.240976
0.245083
0.249233
0.253426
0.257661
0.261939
0.26626
0.270623
0.275029
0.279478
0.283969
0.288502
0.293078
0.297697
0.302357
0.30706
0.311804
0.316591
0.321419
0.326289
0.3312
0.336153
0.341148
0.346183
0.351259
0.356377
0.361535
0.366733
0.371972
0.377251
0.38257
0.387929
0.393327
0.398765
0.404242
0.409758
0.415313
0.420906
0.426538
0.432208
0.437915
0.443661
0.449443
0.455263
0.461119
0.467012
0.472942
0.478907
0.484908
0.490944
0.497016
0.503122
0.509263
0.515438
0.521647
0.527889
0.534165
0.540474
0.546815
0.553188
0.559593
0.56603
0.572497
0.578996
0.585525
0.592083
0.598672
0.60529
0.611936
0.618611
0.625314
0.632045
0.638803
0.645588
0.652399
0.659236
0.666099
0.672986
0.679899
0.686835
0.693796
0.700779
0.707786
0.714815
0.580445
0.528938
0.491083
0.460303
0.434052
0.411023
0.390441
0.371798
0.354743
0.339021
0.324437
0.310841
0.298114
0.286158
0.274894
0.264253
0.25418
0.244625
0.235547
0.226908
0.218677
0.210825
0.203327
0.19616
0.189304
0.182741
0.176453
0.170425
0.164645
0.159097
0.153772
0.148658
0.143746
0.139024
0.134486
0.130123
0.125928
0.121892
0.11801
0.114275
0.110682
0.107224
0.103897
0.100695
0.0976137
0.0946486
0.0917952
0.0890496
0.0864078
0.083866
0.0814207
0.0790685
0.0768061
0.0746303
0.0725382
0.0705269
0.070398
0.0721569
0.0739484
0.0757729
0.0776308
0.0795222
0.0814476
0.0834072
0.0854014
0.0874303
0.0894944
0.0915939
0.093729
0.0959001
0.0981074
0.100351
0.102632
0.10495
0.107304
0.109697
0.112127
0.114595
0.117102
0.119647
0.122231
0.124853
0.127515
0.130216
0.132957
0.135737
0.138558
0.141418
0.144319
0.14726
0.150242
0.153265
0.156329
0.159434
0.16258
0.165767
0.168996
0.172267
0.175579
0.178933
0.18233
0.185768
0.189248
0.192771
0.196336
0.199944
0.203594
0.207286
0.211021
0.214799
0.218619
0.222482
0.226388
0.230336
0.234328
0.238362
0.242438
0.246558
0.25072
0.254925
0.259173
0.263464
0.267797
0.272173
0.276591
0.281052
0.285555
0.290101
0.294689
0.299319
0.303991
0.308705
0.313462
0.31826
0.323099
0.327981
0.332904
0.337868
0.342873
0.34792
0.353007
0.358135
0.363304
0.368513
0.373762
0.379052
0.384381
0.38975
0.395159
0.400607
0.406094
0.41162
0.417184
0.422787
0.428428
0.434107
0.439824
0.445578
0.45137
0.457198
0.463064
0.468965
0.474903
0.480877
0.486886
0.49293
0.49901
0.505124
0.511272
0.517455
0.523671
0.529921
0.536204
0.542519
0.548867
0.555247
0.561659
0.568102
0.574575
0.58108
0.587615
0.594179
0.600774
0.607397
0.614049
0.620729
0.627437
0.634172
0.640935
0.647724
0.65454
0.661381
0.668248
0.67514
0.682056
0.688996
0.69596
0.702947
0.709956
0.716988
0.582621
0.531117
0.493264
0.462486
0.436238
0.413211
0.39263
0.373988
0.356935
0.341214
0.326631
0.313036
0.30031
0.288355
0.277091
0.26645
0.256377
0.246822
0.237743
0.229104
0.220873
0.21302
0.205521
0.198353
0.191496
0.184931
0.178641
0.172612
0.166829
0.16128
0.155953
0.150836
0.145921
0.141197
0.136656
0.13229
0.128091
0.124052
0.120166
0.116428
0.112831
0.109369
0.106037
0.102831
0.0997454
0.0967757
0.0939176
0.0911671
0.0885202
0.0859732
0.0835226
0.081165
0.0788969
0.0767155
0.0746175
0.0726002
0.0709195
0.0726873
0.0744879
0.0763215
0.0781884
0.0800891
0.0820237
0.0839927
0.0859962
0.0880346
0.0901081
0.0922171
0.0943618
0.0965426
0.0987596
0.101013
0.103304
0.105631
0.107996
0.110398
0.112838
0.115317
0.117833
0.120388
0.122982
0.125615
0.128287
0.130998
0.133749
0.13654
0.13937
0.142241
0.145152
0.148104
0.151096
0.154129
0.157203
0.160318
0.163475
0.166673
0.169912
0.173193
0.176516
0.17988
0.183287
0.186735
0.190226
0.193759
0.197335
0.200952
0.204612
0.208315
0.21206
0.215848
0.219679
0.223552
0.227468
0.231426
0.235428
0.239472
0.243559
0.247688
0.251861
0.256076
0.260333
0.264634
0.268976
0.273362
0.27779
0.28226
0.286773
0.291328
0.295926
0.300565
0.305247
0.309971
0.314736
0.319543
0.324392
0.329283
0.334214
0.339188
0.344202
0.349257
0.354353
0.35949
0.364667
0.369885
0.375143
0.38044
0.385778
0.391155
0.396572
0.402028
0.407523
0.413057
0.418629
0.424239
0.429888
0.435575
0.441299
0.447061
0.452859
0.458695
0.464567
0.470476
0.47642
0.482401
0.488417
0.494468
0.500554
0.506674
0.512829
0.519018
0.52524
0.531495
0.537784
0.544105
0.550459
0.556844
0.563261
0.569709
0.576189
0.582698
0.589238
0.595807
0.602406
0.609034
0.61569
0.622375
0.629087
0.635827
0.642594
0.649387
0.656206
0.663051
0.669921
0.676816
0.683736
0.690679
0.697646
0.704636
0.711648
0.718683
0.584317
0.532816
0.494965
0.46419
0.437943
0.414918
0.394339
0.375699
0.358647
0.342927
0.328346
0.314752
0.302027
0.290072
0.278809
0.268169
0.258096
0.248542
0.239463
0.230824
0.222592
0.214739
0.20724
0.200072
0.193214
0.186648
0.180358
0.174327
0.168543
0.162993
0.157664
0.152546
0.147629
0.142903
0.138361
0.133992
0.129791
0.12575
0.121862
0.118121
0.114521
0.111057
0.107722
0.104513
0.101424
0.0984515
0.0955901
0.0928361
0.0901857
0.0876351
0.0851807
0.0828192
0.0805472
0.0783616
0.0762595
0.0742378
0.0722939
0.0731044
0.0749121
0.0767529
0.0786271
0.0805351
0.0824771
0.0844534
0.0864644
0.0885102
0.0905913
0.0927079
0.0948603
0.0970487
0.0992735
0.101535
0.103833
0.106168
0.108541
0.110951
0.113399
0.115886
0.11841
0.120973
0.123575
0.126216
0.128896
0.131616
0.134375
0.137173
0.140012
0.142891
0.145811
0.14877
0.151771
0.154812
0.157895
0.161018
0.164183
0.167389
0.170636
0.173926
0.177257
0.18063
0.184044
0.187501
0.191
0.194542
0.198125
0.201751
0.20542
0.209131
0.212884
0.21668
0.220519
0.224401
0.228325
0.232291
0.236301
0.240353
0.244448
0.248586
0.252766
0.256989
0.261255
0.265563
0.269914
0.274307
0.278743
0.283221
0.287742
0.292305
0.29691
0.301557
0.306246
0.310977
0.31575
0.320565
0.325422
0.330319
0.335259
0.340239
0.34526
0.350323
0.355426
0.36057
0.365754
0.370979
0.376243
0.381548
0.386893
0.392277
0.3977
0.403162
0.408664
0.414204
0.419783
0.4254
0.431055
0.436747
0.442478
0.448246
0.45405
0.459892
0.46577
0.471684
0.477634
0.48362
0.489642
0.495698
0.50179
0.507915
0.514075
0.520269
0.526496
0.532757
0.539051
0.545377
0.551735
0.558125
0.564546
0.570999
0.577483
0.583996
0.59054
0.597114
0.603717
0.610348
0.617008
0.623697
0.630413
0.637156
0.643926
0.650722
0.657545
0.664393
0.671266
0.678164
0.685086
0.692033
0.699002
0.705994
0.713009
0.720046
0.585683
0.534184
0.496335
0.465562
0.439317
0.416294
0.395716
0.377078
0.360027
0.344309
0.329728
0.316136
0.303412
0.291458
0.280195
0.269556
0.259484
0.24993
0.240851
0.232213
0.223981
0.216128
0.208629
0.20146
0.194602
0.188036
0.181745
0.175714
0.16993
0.164378
0.159049
0.15393
0.149012
0.144285
0.139741
0.135371
0.131168
0.127126
0.123236
0.119493
0.115892
0.112425
0.109089
0.105877
0.102786
0.099811
0.0969471
0.0941906
0.0915376
0.0889843
0.0865271
0.0841627
0.0818877
0.0796991
0.0775938
0.0755689
0.0736217
0.0734424
0.0752559
0.0771026
0.0789827
0.0808966
0.0828446
0.084827
0.086844
0.088896
0.0909833
0.0931061
0.0952647
0.0974594
0.0996904
0.101958
0.104263
0.106604
0.108983
0.1114
0.113855
0.116348
0.118879
0.121448
0.124057
0.126704
0.129391
0.132117
0.134883
0.137688
0.140534
0.14342
0.146346
0.149312
0.15232
0.155368
0.158457
0.161587
0.164759
0.167972
0.171226
0.174522
0.17786
0.18124
0.184661
0.188125
0.191631
0.195179
0.19877
0.202403
0.206078
0.209796
0.213556
0.217359
0.221204
0.225092
0.229023
0.232997
0.237013
0.241072
0.245174
0.249318
0.253505
0.257735
0.262007
0.266322
0.270679
0.275079
0.279521
0.284006
0.288533
0.293102
0.297714
0.302368
0.307063
0.311801
0.31658
0.321401
0.326263
0.331167
0.336113
0.341099
0.346127
0.351195
0.356304
0.361454
0.366644
0.371874
0.377145
0.382455
0.387805
0.393195
0.398624
0.404092
0.409599
0.415145
0.420729
0.426351
0.432011
0.437709
0.443445
0.449217
0.455027
0.460874
0.466757
0.472676
0.478631
0.484622
0.490648
0.496709
0.502805
0.508935
0.515099
0.521297
0.527529
0.533794
0.540092
0.546422
0.552784
0.559178
0.565603
0.57206
0.578547
0.585064
0.591612
0.598189
0.604795
0.61143
0.618094
0.624785
0.631504
0.63825
0.645023
0.651823
0.658648
0.665499
0.672375
0.679275
0.6862
0.693149
0.70012
0.707115
0.714132
0.721171
0.58681
0.535313
0.497466
0.466694
0.440451
0.417429
0.396853
0.378216
0.361167
0.34545
0.330871
0.317279
0.304556
0.292603
0.281341
0.270703
0.260631
0.251077
0.242
0.233361
0.22513
0.217278
0.209778
0.20261
0.195752
0.189185
0.182894
0.176863
0.171078
0.165526
0.160196
0.155076
0.150157
0.14543
0.140885
0.136514
0.13231
0.128267
0.124376
0.120632
0.117028
0.11356
0.110223
0.10701
0.103917
0.10094
0.098074
0.0953156
0.0926605
0.0901051
0.0876458
0.0852791
0.0830018
0.0808108
0.0787031
0.0766757
0.0747259
0.0737227
0.0755411
0.0773926
0.0792777
0.0811966
0.0831496
0.085137
0.0871591
0.0892162
0.0913086
0.0934366
0.0956004
0.0978003
0.100037
0.10231
0.104619
0.106967
0.109351
0.111773
0.114233
0.116731
0.119268
0.121843
0.124457
0.12711
0.129802
0.132534
0.135305
0.138117
0.140968
0.143859
0.146791
0.149763
0.152776
0.15583
0.158925
0.162061
0.165238
0.168457
0.171717
0.175019
0.178362
0.181748
0.185175
0.188645
0.192156
0.19571
0.199306
0.202945
0.206626
0.21035
0.214116
0.217924
0.221775
0.225669
0.229606
0.233585
0.237607
0.241671
0.245779
0.249929
0.254121
0.258356
0.262634
0.266955
0.271318
0.275723
0.280171
0.284661
0.289194
0.293768
0.298385
0.303044
0.307745
0.312488
0.317273
0.322099
0.326967
0.331876
0.336826
0.341818
0.346851
0.351924
0.357038
0.362193
0.367388
0.372624
0.377899
0.383214
0.388569
0.393964
0.399397
0.40487
0.410382
0.415932
0.42152
0.427147
0.432812
0.438514
0.444254
0.450032
0.455846
0.461696
0.467584
0.473507
0.479466
0.485461
0.491491
0.497556
0.503656
0.50979
0.515958
0.52216
0.528395
0.534664
0.540965
0.547298
0.553664
0.560061
0.56649
0.57295
0.57944
0.585961
0.592512
0.599092
0.605701
0.612339
0.619005
0.6257
0.632421
0.63917
0.645946
0.652748
0.659576
0.666429
0.673307
0.68021
0.687137
0.694087
0.701061
0.708058
0.715077
0.722118
0.587759
0.536263
0.498418
0.467648
0.441406
0.418385
0.397811
0.379175
0.362127
0.346411
0.331833
0.318243
0.30552
0.293568
0.282307
0.271669
0.261598
0.252045
0.242968
0.23433
0.226099
0.218247
0.210748
0.203579
0.196721
0.190155
0.183864
0.177832
0.172047
0.166495
0.161165
0.156045
0.151125
0.146397
0.141851
0.13748
0.133275
0.129231
0.125339
0.121594
0.117989
0.11452
0.111181
0.107967
0.104873
0.101894
0.0990273
0.0962673
0.0936107
0.0910536
0.0885926
0.0862241
0.083945
0.0817521
0.0796424
0.0776131
0.0756612
0.0739596
0.0757821
0.0776378
0.0795271
0.0814502
0.0834074
0.0853991
0.0874255
0.089487
0.0915837
0.0937161
0.0958843
0.0980887
0.10033
0.102607
0.104921
0.107273
0.109662
0.112089
0.114554
0.117056
0.119598
0.122177
0.124796
0.127454
0.130151
0.132887
0.135663
0.138479
0.141335
0.144231
0.147168
0.150145
0.153163
0.156222
0.159321
0.162462
0.165644
0.168868
0.172133
0.17544
0.178788
0.182178
0.185611
0.189085
0.192602
0.196161
0.199762
0.203405
0.207091
0.21082
0.21459
0.218404
0.22226
0.226159
0.2301
0.234084
0.238111
0.24218
0.246292
0.250447
0.254645
0.258885
0.263167
0.267492
0.27186
0.27627
0.280723
0.285218
0.289755
0.294334
0.298956
0.30362
0.308325
0.313073
0.317862
0.322692
0.327565
0.332478
0.337433
0.342429
0.347466
0.352544
0.357663
0.362822
0.368021
0.373261
0.378541
0.38386
0.389219
0.394618
0.400055
0.405532
0.411048
0.416602
0.422195
0.427825
0.433494
0.4392
0.444944
0.450725
0.456543
0.462397
0.468288
0.474215
0.480178
0.486176
0.49221
0.498278
0.504381
0.510519
0.51669
0.522895
0.529134
0.535405
0.54171
0.548046
0.554415
0.560816
0.567247
0.57371
0.580203
0.586727
0.59328
0.599863
0.606474
0.613115
0.619784
0.62648
0.633205
0.639956
0.646734
0.653538
0.660368
0.667223
0.674104
0.681008
0.687937
0.69489
0.701865
0.708864
0.715885
0.722927
0.58857
0.537076
0.499232
0.468463
0.442222
0.419204
0.39863
0.379996
0.362949
0.347234
0.332657
0.319067
0.306346
0.294395
0.283134
0.272497
0.262427
0.252874
0.243798
0.23516
0.22693
0.219078
0.211579
0.204411
0.197553
0.190986
0.184695
0.178664
0.172878
0.167326
0.161995
0.156875
0.151955
0.147227
0.14268
0.138309
0.134103
0.130058
0.126165
0.12242
0.118815
0.115345
0.112005
0.108789
0.105694
0.102715
0.0998462
0.097085
0.0944271
0.0918687
0.0894062
0.0870363
0.0847558
0.0825613
0.08045
0.078419
0.0764654
0.0745867
0.075989
0.0778483
0.0797412
0.0816679
0.0836288
0.0856242
0.0876543
0.0897195
0.09182
0.0939562
0.0961283
0.0983365
0.100581
0.102863
0.105181
0.107536
0.109929
0.11236
0.114829
0.117336
0.119881
0.122465
0.125087
0.127749
0.13045
0.133191
0.135971
0.138791
0.141651
0.144552
0.147492
0.150474
0.153496
0.156559
0.159662
0.162807
0.165994
0.169222
0.172491
0.175802
0.179155
0.182549
0.185986
0.189464
0.192985
0.196548
0.200154
0.203801
0.207492
0.211224
0.214999
0.218817
0.222677
0.22658
0.230526
0.234514
0.238545
0.242619
0.246735
0.250894
0.255096
0.25934
0.263627
0.267956
0.272328
0.276742
0.281199
0.285698
0.290239
0.294823
0.299448
0.304116
0.308825
0.313577
0.31837
0.323204
0.328081
0.332998
0.337957
0.342957
0.347998
0.353079
0.358202
0.363365
0.368568
0.373811
0.379095
0.384418
0.38978
0.395183
0.400624
0.406104
0.411623
0.417181
0.422777
0.428411
0.434083
0.439793
0.44554
0.451324
0.457145
0.463003
0.468897
0.474827
0.480793
0.486794
0.492831
0.498903
0.505009
0.511149
0.517323
0.523531
0.529773
0.536047
0.542354
0.548694
0.555065
0.561468
0.567902
0.574367
0.580863
0.587389
0.593945
0.60053
0.607144
0.613787
0.620458
0.627157
0.633883
0.640636
0.647416
0.654222
0.661054
0.667911
0.674794
0.6817
0.688631
0.695585
0.702562
0.709562
0.716585
0.723629
0.589273
0.53778
0.499938
0.46917
0.442931
0.419913
0.399341
0.380707
0.363662
0.347947
0.333371
0.319783
0.307062
0.295112
0.283852
0.273216
0.263146
0.253594
0.244518
0.235881
0.227651
0.219799
0.2123
0.205132
0.198274
0.191708
0.185417
0.179386
0.1736
0.168048
0.162717
0.157597
0.152677
0.147948
0.143401
0.139029
0.134823
0.130777
0.126884
0.123138
0.119532
0.116061
0.112721
0.109505
0.106409
0.103428
0.100559
0.0977965
0.0951375
0.092578
0.0901144
0.0877434
0.0854615
0.0832658
0.0811532
0.0791208
0.0771658
0.0752856
0.076169
0.0780314
0.0799274
0.0818573
0.0838214
0.08582
0.0878534
0.0899218
0.0920256
0.0941651
0.0963405
0.0985521
0.1008
0.103085
0.105407
0.107766
0.110162
0.112596
0.115068
0.117579
0.120127
0.122715
0.125341
0.128007
0.130711
0.133455
0.136239
0.139063
0.141927
0.144831
0.147775
0.15076
0.153785
0.156852
0.15996
0.163108
0.166298
0.16953
0.172803
0.176117
0.179474
0.182872
0.186313
0.189795
0.19332
0.196886
0.200495
0.204147
0.207841
0.211577
0.215356
0.219177
0.223041
0.226948
0.230897
0.234889
0.238924
0.243001
0.247121
0.251284
0.255489
0.259737
0.264027
0.26836
0.272736
0.277154
0.281614
0.286117
0.290662
0.295249
0.299878
0.304549
0.309262
0.314017
0.318813
0.323652
0.328531
0.333452
0.338414
0.343418
0.348462
0.353547
0.358673
0.363839
0.369045
0.374292
0.379579
0.384905
0.390271
0.395676
0.401121
0.406604
0.412126
0.417687
0.423286
0.428924
0.434599
0.440311
0.446061
0.451848
0.457672
0.463533
0.46943
0.475363
0.481331
0.487335
0.493375
0.499449
0.505558
0.511701
0.517878
0.524088
0.530332
0.536609
0.542918
0.54926
0.555634
0.562039
0.568476
0.574943
0.581441
0.587969
0.594527
0.601114
0.60773
0.614375
0.621048
0.627749
0.634477
0.641232
0.648014
0.654822
0.661656
0.668515
0.675398
0.682307
0.689239
0.696195
0.703173
0.710175
0.717199
0.724244
0.589889
0.538398
0.500557
0.46979
0.443552
0.420535
0.399964
0.381332
0.364287
0.348574
0.333998
0.320411
0.307691
0.295741
0.284482
0.273846
0.263777
0.254226
0.24515
0.236513
0.228284
0.220432
0.212934
0.205766
0.198909
0.192343
0.186052
0.18002
0.174235
0.168682
0.163351
0.158231
0.153311
0.148581
0.144035
0.139662
0.135456
0.13141
0.127516
0.123769
0.120163
0.116692
0.11335
0.110134
0.107037
0.104056
0.101185
0.0984225
0.0957626
0.0932022
0.0907376
0.0883656
0.0860827
0.0838859
0.0817721
0.0797386
0.0777824
0.075901
0.0763272
0.0781924
0.0800912
0.0820239
0.0839908
0.0859922
0.0880284
0.0900998
0.0922065
0.0943489
0.0965272
0.0987417
0.100993
0.10328
0.105605
0.107967
0.110367
0.112804
0.115279
0.117793
0.120345
0.122935
0.125564
0.128233
0.130941
0.133688
0.136475
0.139302
0.142169
0.145076
0.148024
0.151012
0.154041
0.15711
0.160221
0.163373
0.166567
0.169801
0.173078
0.176396
0.179755
0.183157
0.186601
0.190086
0.193614
0.197184
0.200797
0.204451
0.208148
0.211888
0.21567
0.219495
0.223362
0.227272
0.231225
0.23522
0.239258
0.243339
0.247462
0.251628
0.255836
0.260087
0.264381
0.268717
0.273096
0.277517
0.28198
0.286486
0.291034
0.295624
0.300257
0.304931
0.309647
0.314405
0.319205
0.324046
0.328929
0.333853
0.338818
0.343824
0.348872
0.35396
0.359088
0.364258
0.369467
0.374716
0.380006
0.385335
0.390704
0.396112
0.401559
0.407046
0.412571
0.418134
0.423736
0.429376
0.435054
0.440769
0.446522
0.452311
0.458138
0.464001
0.4699
0.475836
0.481807
0.487814
0.493855
0.499932
0.506043
0.512188
0.518367
0.52458
0.530826
0.537105
0.543417
0.549761
0.556137
0.562544
0.568983
0.575452
0.581952
0.588482
0.595042
0.601631
0.608249
0.614896
0.621571
0.628273
0.635003
0.64176
0.648543
0.655353
0.662188
0.669049
0.675934
0.682843
0.689777
0.696734
0.703714
0.710717
0.717742
0.724789
0.590435
0.538945
0.501105
0.47034
0.444102
0.421087
0.400516
0.381885
0.364841
0.349129
0.334554
0.320967
0.308248
0.296299
0.28504
0.274405
0.264337
0.254786
0.24571
0.237074
0.228845
0.220994
0.213496
0.206328
0.199471
0.192905
0.186614
0.180583
0.174798
0.169245
0.163914
0.158793
0.153873
0.149144
0.144597
0.140224
0.136018
0.131971
0.128077
0.12433
0.120723
0.117251
0.113909
0.110692
0.107595
0.104613
0.101742
0.0989783
0.0963177
0.0937565
0.0912912
0.0889182
0.0866345
0.0844367
0.082322
0.0802875
0.0783303
0.0764478
0.0764677
0.0783353
0.0802366
0.0821717
0.0841412
0.0861451
0.0881839
0.0902578
0.0923671
0.0945121
0.096693
0.0989102
0.101164
0.103454
0.105782
0.108146
0.110549
0.112989
0.115467
0.117983
0.120537
0.123131
0.125763
0.128434
0.131145
0.133895
0.136685
0.139514
0.142384
0.145294
0.148245
0.151236
0.154268
0.15734
0.160454
0.163609
0.166805
0.170043
0.173322
0.176643
0.180005
0.18341
0.186857
0.190345
0.193876
0.197449
0.201064
0.204722
0.208422
0.212165
0.21595
0.219777
0.223648
0.227561
0.231516
0.235514
0.239555
0.243639
0.247765
0.251934
0.256145
0.260399
0.264695
0.269035
0.273416
0.27784
0.282306
0.286815
0.291366
0.295959
0.300594
0.305271
0.30999
0.314751
0.319553
0.324397
0.329283
0.33421
0.339178
0.344187
0.349237
0.354327
0.359459
0.36463
0.369842
0.375095
0.380387
0.385718
0.39109
0.396501
0.40195
0.407439
0.412967
0.418533
0.424137
0.429779
0.435459
0.441177
0.446932
0.452724
0.458553
0.464418
0.47032
0.476258
0.482231
0.48824
0.494284
0.500362
0.506476
0.512623
0.518804
0.525019
0.531267
0.537548
0.543862
0.550208
0.556586
0.562995
0.569435
0.575907
0.582408
0.58894
0.595502
0.602092
0.608712
0.61536
0.622037
0.628741
0.635472
0.642231
0.649016
0.655827
0.662663
0.669525
0.676412
0.683323
0.690258
0.697216
0.704198
0.711201
0.718228
0.725275
0.590923
0.539434
0.501594
0.47083
0.444594
0.421579
0.40101
0.382379
0.365336
0.349624
0.335051
0.321464
0.308746
0.296797
0.28554
0.274905
0.264837
0.255286
0.246211
0.237576
0.229347
0.221496
0.213998
0.206831
0.199974
0.193408
0.187117
0.181086
0.175301
0.169749
0.164417
0.159297
0.154376
0.149647
0.1451
0.140727
0.13652
0.132473
0.128579
0.124831
0.121224
0.117752
0.11441
0.111192
0.108094
0.105112
0.10224
0.099476
0.0968148
0.0942529
0.0917869
0.0894132
0.0871286
0.0849301
0.0828146
0.0807791
0.078821
0.0769376
0.0765934
0.0784632
0.0803667
0.0823041
0.0842758
0.086282
0.0883231
0.0903993
0.0925109
0.0946582
0.0968415
0.099061
0.101317
0.10361
0.10594
0.108307
0.110711
0.113154
0.115634
0.118153
0.12071
0.123306
0.125941
0.128614
0.131328
0.13408
0.136873
0.139705
0.142577
0.14549
0.148443
0.151436
0.154471
0.157546
0.160662
0.16382
0.167019
0.170259
0.173541
0.176864
0.18023
0.183637
0.187086
0.190577
0.194111
0.197686
0.201304
0.204965
0.208667
0.212413
0.2162
0.220031
0.223904
0.227819
0.231777
0.235778
0.239822
0.243908
0.248037
0.252208
0.256422
0.260679
0.264978
0.269319
0.273703
0.27813
0.282599
0.28711
0.291664
0.296259
0.300897
0.305576
0.310298
0.315061
0.319866
0.324713
0.329601
0.33453
0.3395
0.344512
0.349564
0.354657
0.359791
0.364965
0.37018
0.375434
0.380728
0.386063
0.391436
0.396849
0.402301
0.407792
0.413322
0.41889
0.424497
0.430141
0.435824
0.441544
0.447301
0.453095
0.458926
0.464793
0.470697
0.476637
0.482612
0.488623
0.494669
0.500749
0.506864
0.513014
0.519197
0.525414
0.531664
0.537947
0.544262
0.55061
0.556989
0.5634
0.569842
0.576315
0.582818
0.589352
0.595915
0.602507
0.609128
0.615778
0.622456
0.629162
0.635895
0.642654
0.649441
0.656253
0.663091
0.669954
0.676842
0.683754
0.69069
0.69765
0.704632
0.711637
0.718664
0.725713
0.591362
0.539873
0.502035
0.471272
0.445037
0.422023
0.401454
0.382824
0.365782
0.350071
0.335498
0.321912
0.309194
0.297246
0.285989
0.275355
0.265287
0.255737
0.246663
0.238027
0.229798
0.221948
0.214451
0.207284
0.200427
0.193861
0.187571
0.18154
0.175754
0.170202
0.164871
0.15975
0.15483
0.1501
0.145553
0.14118
0.136973
0.132926
0.129032
0.125284
0.121676
0.118204
0.114861
0.111643
0.108545
0.105562
0.10269
0.0999249
0.0972631
0.0947006
0.0922339
0.0898596
0.0875744
0.0853752
0.0832589
0.0812227
0.0792638
0.0773796
0.0767068
0.0785786
0.080484
0.0824235
0.0843972
0.0864055
0.0884486
0.0905269
0.0926406
0.09479
0.0969754
0.099197
0.101455
0.10375
0.106082
0.108451
0.110858
0.113303
0.115786
0.118306
0.120866
0.123464
0.126101
0.128777
0.131492
0.134247
0.137042
0.139877
0.142751
0.145666
0.148622
0.151618
0.154654
0.157732
0.160851
0.16401
0.167212
0.170454
0.173738
0.177064
0.180432
0.183842
0.187293
0.190787
0.194323
0.197901
0.201521
0.205184
0.208889
0.212637
0.216427
0.220259
0.224135
0.228053
0.232013
0.236016
0.240062
0.244151
0.248282
0.252456
0.256672
0.260931
0.265233
0.269577
0.273963
0.278392
0.282863
0.287377
0.291932
0.29653
0.30117
0.305852
0.310576
0.315342
0.320149
0.324998
0.329888
0.334819
0.339792
0.344806
0.34986
0.354956
0.360091
0.365268
0.370484
0.375741
0.381038
0.386374
0.39175
0.397165
0.402619
0.408112
0.413644
0.419214
0.424822
0.430469
0.436153
0.441875
0.447634
0.45343
0.459263
0.465132
0.471038
0.47698
0.482957
0.488969
0.495017
0.501099
0.507216
0.513367
0.519552
0.525771
0.532022
0.538307
0.544624
0.550973
0.557354
0.563767
0.57021
0.576685
0.58319
0.589724
0.596289
0.602883
0.609505
0.616157
0.622836
0.629543
0.636277
0.643038
0.649825
0.656639
0.663478
0.670342
0.677231
0.684145
0.691082
0.698042
0.705026
0.712032
0.71906
0.72611
0.591759
0.540272
0.502434
0.471672
0.445437
0.422424
0.401856
0.383227
0.366185
0.350475
0.335903
0.322318
0.3096
0.297653
0.286396
0.275763
0.265695
0.256146
0.247072
0.238437
0.230208
0.222358
0.214861
0.207694
0.200837
0.194272
0.187982
0.181951
0.176166
0.170613
0.165282
0.160162
0.155241
0.150511
0.145964
0.141591
0.137384
0.133337
0.129442
0.125694
0.122086
0.118614
0.11527
0.112052
0.108953
0.10597
0.103098
0.100332
0.09767
0.095107
0.0926398
0.0902649
0.0879791
0.0857792
0.0836623
0.0816254
0.0796659
0.0777809
0.0768097
0.0786833
0.0805905
0.0825318
0.0845073
0.0865175
0.0885625
0.0906426
0.0927583
0.0949096
0.0970969
0.0993205
0.101581
0.103878
0.106212
0.108583
0.110992
0.113438
0.115923
0.118446
0.121007
0.123607
0.126246
0.128925
0.131642
0.134399
0.137196
0.140033
0.142909
0.145826
0.148784
0.151782
0.154821
0.157901
0.161021
0.164183
0.167387
0.170632
0.173918
0.177246
0.180616
0.184028
0.187481
0.190977
0.194515
0.198095
0.201718
0.205383
0.20909
0.21284
0.216632
0.220467
0.224345
0.228265
0.232228
0.236233
0.240281
0.244372
0.248505
0.252681
0.256899
0.261161
0.265464
0.26981
0.274199
0.27863
0.283103
0.287619
0.292177
0.296777
0.301419
0.306103
0.310829
0.315597
0.320406
0.325257
0.330149
0.335082
0.340057
0.345073
0.350129
0.355227
0.360365
0.365543
0.370762
0.37602
0.381319
0.386657
0.392034
0.397451
0.402908
0.408403
0.413936
0.419508
0.425119
0.430767
0.436453
0.442177
0.447937
0.453735
0.45957
0.465441
0.471348
0.477292
0.48327
0.489285
0.495334
0.501418
0.507536
0.513689
0.519876
0.526096
0.532349
0.538635
0.544953
0.551304
0.557686
0.5641
0.570546
0.577021
0.583528
0.590064
0.59663
0.603225
0.609849
0.616501
0.623181
0.62989
0.636625
0.643387
0.650176
0.65699
0.663831
0.670696
0.677586
0.6845
0.691439
0.6984
0.705385
0.712392
0.71942
0.726471
0.592121
0.540635
0.502798
0.472037
0.445803
0.42279
0.402223
0.383594
0.366554
0.350844
0.336272
0.322687
0.30997
0.298024
0.286768
0.276134
0.266067
0.256518
0.247445
0.23881
0.230582
0.222732
0.215235
0.208069
0.201212
0.194647
0.188357
0.182326
0.176541
0.170989
0.165658
0.160537
0.155616
0.150887
0.146339
0.141966
0.137759
0.133711
0.129817
0.126068
0.12246
0.118987
0.115644
0.112425
0.109326
0.106342
0.10347
0.100704
0.0980413
0.0954779
0.0930102
0.0906348
0.0883485
0.0861481
0.0840306
0.0819931
0.080033
0.0781474
0.0769035
0.0787788
0.0806877
0.0826307
0.0846079
0.0866197
0.0886664
0.0907483
0.0928657
0.0950188
0.0972078
0.0994332
0.101695
0.103994
0.10633
0.108703
0.111113
0.113562
0.116048
0.118573
0.121136
0.123738
0.126379
0.129059
0.131779
0.134538
0.137336
0.140175
0.143054
0.145973
0.148932
0.151932
0.154973
0.158055
0.161178
0.164342
0.167547
0.170794
0.174082
0.177412
0.180784
0.184198
0.187653
0.191151
0.194691
0.198273
0.201898
0.205565
0.209274
0.213026
0.21682
0.220657
0.224537
0.228459
0.232424
0.236431
0.240481
0.244574
0.248709
0.252887
0.257107
0.26137
0.265676
0.270024
0.274415
0.278848
0.283323
0.287841
0.2924
0.297002
0.301646
0.306332
0.31106
0.31583
0.320641
0.325494
0.330388
0.335323
0.3403
0.345317
0.350376
0.355475
0.360615
0.365795
0.371015
0.376275
0.381576
0.386916
0.392295
0.397714
0.403172
0.408668
0.414204
0.419778
0.42539
0.43104
0.436727
0.442453
0.448215
0.454015
0.459851
0.465723
0.471632
0.477577
0.483557
0.489573
0.495624
0.50171
0.50783
0.513984
0.520172
0.526393
0.532648
0.538935
0.545255
0.551607
0.557991
0.564406
0.570852
0.577329
0.583837
0.590374
0.596941
0.603538
0.610163
0.616816
0.623498
0.630207
0.636944
0.643707
0.650497
0.657312
0.664154
0.67102
0.677911
0.684826
0.691765
0.698728
0.705713
0.712721
0.719751
0.726802
0.592453
0.540967
0.503132
0.472371
0.446137
0.423126
0.402559
0.383931
0.366891
0.351182
0.33661
0.323026
0.31031
0.298364
0.287108
0.276475
0.266409
0.25686
0.247786
0.239152
0.230924
0.223075
0.215578
0.208412
0.201555
0.19499
0.1887
0.18267
0.176885
0.171333
0.166002
0.160881
0.15596
0.151231
0.146683
0.14231
0.138103
0.134055
0.13016
0.126412
0.122804
0.11933
0.115987
0.112768
0.109668
0.106684
0.103811
0.101045
0.0983821
0.0958182
0.0933501
0.0909742
0.0886874
0.0864865
0.0843685
0.0823305
0.0803698
0.0784836
0.0769897
0.0788664
0.0807769
0.0827213
0.0847001
0.0867135
0.0887618
0.0908453
0.0929642
0.0951189
0.0973096
0.0995366
0.1018
0.104101
0.106438
0.108813
0.111225
0.113675
0.116163
0.11869
0.121255
0.123859
0.126501
0.129183
0.131904
0.134665
0.137465
0.140306
0.143186
0.146107
0.149068
0.15207
0.155113
0.158196
0.161321
0.164487
0.167694
0.170942
0.174233
0.177564
0.180938
0.184354
0.187811
0.191311
0.194853
0.198437
0.202063
0.205732
0.209443
0.213197
0.216993
0.220832
0.224713
0.228637
0.232603
0.236613
0.240664
0.244759
0.248896
0.253076
0.257298
0.261563
0.26587
0.27022
0.274613
0.279048
0.283525
0.288044
0.292606
0.297209
0.301855
0.306543
0.311272
0.316044
0.320857
0.325711
0.330607
0.335544
0.340522
0.345542
0.350602
0.355703
0.360844
0.366026
0.371248
0.37651
0.381812
0.387154
0.392535
0.397955
0.403414
0.408913
0.41445
0.420025
0.425639
0.43129
0.436979
0.442706
0.44847
0.454271
0.460109
0.465983
0.471893
0.47784
0.483821
0.489839
0.495891
0.501978
0.508099
0.514254
0.520444
0.526666
0.532922
0.539211
0.545532
0.551885
0.55827
0.564687
0.571135
0.577613
0.584121
0.59066
0.597228
0.603826
0.610452
0.617107
0.623789
0.630499
0.637237
0.644001
0.650792
0.657608
0.664451
0.671318
0.67821
0.685126
0.692066
0.699029
0.706015
0.713024
0.720055
0.727107
0.592758
0.541274
0.503438
0.472678
0.446446
0.423434
0.402868
0.384241
0.367201
0.351493
0.336922
0.323338
0.310622
0.298677
0.287421
0.276789
0.266723
0.257174
0.248101
0.239467
0.23124
0.22339
0.215894
0.208728
0.201872
0.195307
0.189017
0.182986
0.177201
0.171649
0.166318
0.161198
0.156277
0.151548
0.147
0.142627
0.138419
0.134372
0.130477
0.126728
0.12312
0.119646
0.116302
0.113083
0.109984
0.106999
0.104126
0.10136
0.0986961
0.0961319
0.0936633
0.0912871
0.0889999
0.0867985
0.0846801
0.0826416
0.0806803
0.0787936
0.077069
0.0789472
0.080859
0.0828049
0.0847851
0.0868
0.0888497
0.0909346
0.0930551
0.0952112
0.0974034
0.0996319
0.101897
0.104199
0.106538
0.108914
0.111328
0.11378
0.11627
0.118798
0.121364
0.12397
0.126614
0.129297
0.13202
0.134782
0.137584
0.140426
0.143308
0.146231
0.149194
0.152197
0.155241
0.158327
0.161453
0.16462
0.167829
0.171079
0.174371
0.177705
0.18108
0.184497
0.187957
0.191458
0.195002
0.198587
0.202215
0.205886
0.209599
0.213354
0.217152
0.220992
0.224875
0.228801
0.232769
0.23678
0.240834
0.24493
0.249069
0.25325
0.257474
0.261741
0.26605
0.270402
0.274796
0.279232
0.283711
0.288232
0.292795
0.2974
0.302048
0.306737
0.311468
0.316241
0.321056
0.325912
0.330809
0.335748
0.340728
0.345749
0.350811
0.355913
0.361056
0.366239
0.371463
0.376727
0.38203
0.387373
0.392756
0.398178
0.403638
0.409138
0.414677
0.420253
0.425869
0.431521
0.437212
0.44294
0.448706
0.454508
0.460347
0.466223
0.472134
0.478082
0.484065
0.490084
0.496137
0.502225
0.508348
0.514505
0.520695
0.526919
0.533176
0.539466
0.545788
0.552143
0.558529
0.564947
0.571395
0.577875
0.584384
0.590924
0.597493
0.604092
0.610719
0.617375
0.624058
0.630769
0.637508
0.644273
0.651065
0.657882
0.664725
0.671593
0.678486
0.685403
0.692344
0.699308
0.706295
0.713304
0.720335
0.727388
0.593041
0.541556
0.503722
0.472962
0.44673
0.42372
0.403154
0.384527
0.367488
0.35178
0.33721
0.323627
0.310911
0.298966
0.287711
0.277079
0.267013
0.257465
0.248392
0.239758
0.231531
0.223682
0.216186
0.20902
0.202164
0.195599
0.18931
0.183279
0.177494
0.171942
0.166612
0.161491
0.15657
0.151841
0.147293
0.14292
0.138712
0.134665
0.130769
0.127021
0.123412
0.119939
0.116595
0.113375
0.110275
0.107291
0.104417
0.10165
0.0989867
0.0964221
0.0939533
0.0915767
0.089289
0.0870873
0.0849684
0.0829295
0.0809678
0.0790806
0.0772654
0.0790219
0.0809351
0.0828823
0.0848638
0.08688
0.0889311
0.0910173
0.0931391
0.0952967
0.0974903
0.0997201
0.101987
0.10429
0.10663
0.109008
0.111423
0.113877
0.116368
0.118897
0.121465
0.124072
0.126718
0.129403
0.132127
0.134891
0.137694
0.140538
0.143422
0.146345
0.14931
0.152315
0.155361
0.158447
0.161575
0.164744
0.167955
0.171206
0.1745
0.177835
0.181212
0.184631
0.188092
0.191594
0.19514
0.198727
0.202357
0.206029
0.209743
0.2135
0.217299
0.221141
0.225026
0.228953
0.232923
0.236936
0.240991
0.245088
0.249229
0.253412
0.257637
0.261905
0.266216
0.270569
0.274965
0.279403
0.283883
0.288406
0.292971
0.297578
0.302226
0.306917
0.31165
0.316424
0.32124
0.326098
0.330997
0.335937
0.340919
0.345941
0.351004
0.356108
0.361252
0.366437
0.371662
0.376927
0.382232
0.387577
0.392961
0.398384
0.403846
0.409347
0.414887
0.420465
0.426082
0.431736
0.437428
0.443157
0.448924
0.454728
0.460568
0.466445
0.472358
0.478307
0.484291
0.490311
0.496365
0.502455
0.508579
0.514736
0.520928
0.527153
0.533411
0.539702
0.546026
0.552381
0.558769
0.565187
0.571637
0.578117
0.584628
0.591169
0.597739
0.604338
0.610967
0.617623
0.624308
0.63102
0.637759
0.644525
0.651318
0.658136
0.66498
0.671849
0.678742
0.68566
0.692602
0.699566
0.706554
0.713564
0.720596
0.727649
0.593303
0.541819
0.503985
0.473226
0.446995
0.423985
0.403419
0.384793
0.367754
0.352047
0.337477
0.323894
0.311179
0.299234
0.28798
0.277348
0.267283
0.257735
0.248662
0.240029
0.231802
0.223953
0.216457
0.209291
0.202436
0.195871
0.189581
0.183551
0.177766
0.172215
0.166884
0.161763
0.156843
0.152113
0.147565
0.143192
0.138985
0.134937
0.131041
0.127292
0.123684
0.12021
0.116866
0.113646
0.110546
0.107561
0.104688
0.101921
0.0992566
0.0966918
0.0942226
0.0918456
0.0895577
0.0873556
0.0852363
0.083197
0.0812348
0.0793473
0.0775316
0.0790913
0.0810057
0.0829541
0.0849369
0.0869543
0.0890066
0.0910942
0.0932172
0.095376
0.0975709
0.0998021
0.10207
0.104374
0.106716
0.109095
0.111512
0.113966
0.116459
0.11899
0.121559
0.124167
0.126815
0.129501
0.132226
0.134992
0.137797
0.140642
0.143527
0.146452
0.149418
0.152424
0.155471
0.15856
0.161689
0.164859
0.168071
0.171324
0.174619
0.177956
0.181334
0.184755
0.188217
0.191721
0.195268
0.198857
0.202488
0.206161
0.209877
0.213635
0.217436
0.22128
0.225166
0.229095
0.233066
0.23708
0.241136
0.245236
0.249377
0.253562
0.257789
0.262059
0.266371
0.270725
0.275122
0.279562
0.284044
0.288568
0.293134
0.297742
0.302392
0.307085
0.311819
0.316595
0.321412
0.326271
0.331172
0.336113
0.341096
0.34612
0.351184
0.356289
0.361435
0.366621
0.371848
0.377114
0.38242
0.387766
0.393151
0.398576
0.404039
0.409542
0.415083
0.420662
0.42628
0.431935
0.437629
0.443359
0.449127
0.454932
0.460774
0.466652
0.472566
0.478516
0.484501
0.490522
0.496578
0.502668
0.508793
0.514952
0.521145
0.527371
0.53363
0.539922
0.546247
0.552603
0.558992
0.565411
0.571862
0.578343
0.584855
0.591397
0.597968
0.604568
0.611197
0.617855
0.62454
0.631253
0.637993
0.64476
0.651553
0.658372
0.665217
0.672087
0.678981
0.685899
0.692842
0.699807
0.706795
0.713806
0.720839
0.727893
0.593546
0.542063
0.50423
0.473471
0.447241
0.424231
0.403667
0.385041
0.368003
0.352295
0.337726
0.324144
0.311429
0.299484
0.28823
0.277599
0.267534
0.257986
0.248914
0.240281
0.232054
0.224206
0.21671
0.209544
0.202689
0.196124
0.189835
0.183804
0.17802
0.172468
0.167137
0.162017
0.157096
0.152367
0.147819
0.143445
0.139238
0.13519
0.131295
0.127546
0.123937
0.120463
0.117119
0.113899
0.110799
0.107814
0.10494
0.102173
0.0995082
0.0969431
0.0944737
0.0920964
0.0898081
0.0876057
0.085486
0.0834464
0.0814838
0.0795958
0.0777798
0.079156
0.0810715
0.0830211
0.085005
0.0870236
0.0890771
0.0911658
0.09329
0.09545
0.0976461
0.0998785
0.102147
0.104453
0.106796
0.109177
0.111595
0.11405
0.116544
0.119076
0.121647
0.124256
0.126905
0.129592
0.132319
0.135086
0.137892
0.140738
0.143625
0.146551
0.149518
0.152526
0.155575
0.158664
0.161795
0.164967
0.16818
0.171434
0.174731
0.178069
0.181448
0.18487
0.188334
0.191839
0.195387
0.198978
0.20261
0.206285
0.210002
0.213762
0.217564
0.221409
0.225296
0.229227
0.233199
0.237214
0.241272
0.245373
0.249516
0.253702
0.25793
0.262201
0.266515
0.270871
0.275269
0.27971
0.284193
0.288719
0.293286
0.297896
0.302547
0.307241
0.311976
0.316754
0.321572
0.326433
0.331334
0.336277
0.341261
0.346286
0.351352
0.356459
0.361606
0.366793
0.372021
0.377288
0.382596
0.387943
0.393329
0.398755
0.40422
0.409723
0.415266
0.420846
0.426465
0.432122
0.437816
0.443548
0.449317
0.455123
0.460966
0.466845
0.47276
0.478711
0.484697
0.490719
0.496776
0.502868
0.508994
0.515154
0.521347
0.527575
0.533835
0.540128
0.546453
0.552811
0.5592
0.565621
0.572072
0.578554
0.585067
0.59161
0.598181
0.604783
0.611413
0.618071
0.624757
0.631471
0.638212
0.644979
0.651773
0.658593
0.665438
0.672309
0.679204
0.686123
0.693066
0.700032
0.707021
0.714032
0.721065
0.72812
